# y+ ()         
# Time          	patch           	min             	max             	average         
100             	bump	2.70844804e-02	2.97181748e+00	1.59817257e+00
200             	bump	1.44287859e+00	2.98902455e+00	1.89878859e+00
300             	bump	1.39830986e+00	2.99300858e+00	1.90657401e+00
400             	bump	1.36048483e+00	2.99352487e+00	1.83160782e+00
500             	bump	1.35928299e+00	2.99400217e+00	1.82500420e+00
600             	bump	1.35926040e+00	2.99599447e+00	1.82477271e+00
700             	bump	1.35929642e+00	2.99845760e+00	1.82485857e+00
800             	bump	1.35933258e+00	3.00067253e+00	1.82494826e+00
900             	bump	1.35936583e+00	3.00267639e+00	1.82502651e+00
1000            	bump	1.35939511e+00	3.00445670e+00	1.82509358e+00
1100            	bump	1.35942133e+00	3.00601226e+00	1.82515131e+00
1200            	bump	1.35944500e+00	3.00735982e+00	1.82520125e+00
1300            	bump	1.35946651e+00	3.00852839e+00	1.82524629e+00
1400            	bump	1.35948570e+00	3.00954536e+00	1.82528615e+00
1500            	bump	1.35950320e+00	3.01043534e+00	1.82532133e+00
1600            	bump	1.35951922e+00	3.01122053e+00	1.82535235e+00
1700            	bump	1.35953381e+00	3.01191894e+00	1.82538023e+00
1800            	bump	1.35954745e+00	3.01254494e+00	1.82540533e+00
1900            	bump	1.35955998e+00	3.01310992e+00	1.82542799e+00
2000            	bump	1.35957152e+00	3.01362297e+00	1.82544855e+00
2100            	bump	1.35958217e+00	3.01409134e+00	1.82546726e+00
2200            	bump	1.35959201e+00	3.01452088e+00	1.82548437e+00
2300            	bump	1.35960111e+00	3.01491645e+00	1.82550006e+00
2400            	bump	1.35960952e+00	3.01528207e+00	1.82551448e+00
2500            	bump	1.35961732e+00	3.01562112e+00	1.82552777e+00
2600            	bump	1.35962457e+00	3.01593663e+00	1.82554006e+00
2700            	bump	1.35963128e+00	3.01623112e+00	1.82555143e+00
2800            	bump	1.35963753e+00	3.01650682e+00	1.82556200e+00
2900            	bump	1.35964332e+00	3.01676565e+00	1.82557182e+00
3000            	bump	1.35964872e+00	3.01700928e+00	1.82558097e+00
3100            	bump	1.35965374e+00	3.01723919e+00	1.82558951e+00
3200            	bump	1.35965841e+00	3.01745770e+00	1.82559751e+00
3300            	bump	1.35966276e+00	3.01766537e+00	1.82560500e+00
3400            	bump	1.35966681e+00	3.01786127e+00	1.82561201e+00
3500            	bump	1.35967060e+00	3.01804710e+00	1.82561859e+00
3600            	bump	1.35967413e+00	3.01822378e+00	1.82562477e+00
3700            	bump	1.35967743e+00	3.01839207e+00	1.82563058e+00
3800            	bump	1.35968050e+00	3.01855261e+00	1.82563605e+00
3900            	bump	1.35968338e+00	3.01870597e+00	1.82564120e+00
4000            	bump	1.35968607e+00	3.01885269e+00	1.82564607e+00
4100            	bump	1.35968857e+00	3.01899323e+00	1.82565066e+00
4200            	bump	1.35969091e+00	3.01912800e+00	1.82565500e+00
4300            	bump	1.35969311e+00	3.01925743e+00	1.82565911e+00
4400            	bump	1.35969515e+00	3.01938183e+00	1.82566299e+00
4500            	bump	1.35969706e+00	3.01950151e+00	1.82566668e+00
4600            	bump	1.35969885e+00	3.01961671e+00	1.82567017e+00
4700            	bump	1.35970052e+00	3.01972769e+00	1.82567349e+00
4800            	bump	1.35970208e+00	3.01983461e+00	1.82567663e+00
4900            	bump	1.35970354e+00	3.01993767e+00	1.82567962e+00
5000            	bump	1.35970490e+00	3.02003705e+00	1.82568246e+00
5100            	bump	1.35970618e+00	3.02013290e+00	1.82568516e+00
5200            	bump	1.35970735e+00	3.02022537e+00	1.82568772e+00
5300            	bump	1.35970845e+00	3.02031464e+00	1.82569015e+00
5400            	bump	1.35970947e+00	3.02040086e+00	1.82569247e+00
5500            	bump	1.35971045e+00	3.02048419e+00	1.82569469e+00
5600            	bump	1.35971136e+00	3.02056480e+00	1.82569680e+00
5700            	bump	1.35971222e+00	3.02064279e+00	1.82569881e+00
5800            	bump	1.35971301e+00	3.02071830e+00	1.82570073e+00
5900            	bump	1.35971376e+00	3.02079143e+00	1.82570257e+00
6000            	bump	1.35971445e+00	3.02086228e+00	1.82570432e+00
6100            	bump	1.35971510e+00	3.02093093e+00	1.82570599e+00
6200            	bump	1.35971571e+00	3.02099746e+00	1.82570759e+00
6300            	bump	1.35971627e+00	3.02106194e+00	1.82570911e+00
6400            	bump	1.35971679e+00	3.02112442e+00	1.82571057e+00
6500            	bump	1.35971728e+00	3.02118499e+00	1.82571196e+00
6600            	bump	1.35971774e+00	3.02124370e+00	1.82571330e+00
6700            	bump	1.35971817e+00	3.02130066e+00	1.82571458e+00
6800            	bump	1.35971856e+00	3.02135592e+00	1.82571580e+00
6900            	bump	1.35971893e+00	3.02140957e+00	1.82571697e+00
7000            	bump	1.35971927e+00	3.02146166e+00	1.82571809e+00
7100            	bump	1.35971959e+00	3.02151227e+00	1.82571916e+00
7200            	bump	1.35971992e+00	3.02156161e+00	1.82572024e+00
7300            	bump	1.35972026e+00	3.02160935e+00	1.82572128e+00
7400            	bump	1.35972057e+00	3.02165595e+00	1.82572227e+00
7500            	bump	1.35972083e+00	3.02170137e+00	1.82572322e+00
7600            	bump	1.35972109e+00	3.02174502e+00	1.82572412e+00
7700            	bump	1.35972131e+00	3.02178788e+00	1.82572499e+00
7800            	bump	1.35972152e+00	3.02182935e+00	1.82572582e+00
7900            	bump	1.35972171e+00	3.02186968e+00	1.82572664e+00
8000            	bump	1.35972189e+00	3.02190924e+00	1.82572740e+00
8100            	bump	1.35972205e+00	3.02194717e+00	1.82572811e+00
8200            	bump	1.35972221e+00	3.02198422e+00	1.82572883e+00
8300            	bump	1.35972234e+00	3.02202059e+00	1.82572951e+00
8400            	bump	1.35972247e+00	3.02205582e+00	1.82573016e+00
8500            	bump	1.35972257e+00	3.02209006e+00	1.82573080e+00
8600            	bump	1.35972267e+00	3.02212343e+00	1.82573136e+00
8700            	bump	1.35972275e+00	3.02215581e+00	1.82573198e+00
8800            	bump	1.35972283e+00	3.02218741e+00	1.82573253e+00
8900            	bump	1.35972292e+00	3.02221857e+00	1.82573308e+00
9000            	bump	1.35972298e+00	3.02224852e+00	1.82573360e+00
9100            	bump	1.35972302e+00	3.02227787e+00	1.82573411e+00
9200            	bump	1.35972306e+00	3.02230632e+00	1.82573458e+00
9300            	bump	1.35972308e+00	3.02233408e+00	1.82573503e+00
9400            	bump	1.35972312e+00	3.02236137e+00	1.82573549e+00
9500            	bump	1.35972314e+00	3.02238754e+00	1.82573578e+00
9600            	bump	1.35972317e+00	3.02241324e+00	1.82573626e+00
9700            	bump	1.35972316e+00	3.02243871e+00	1.82573663e+00
9800            	bump	1.35972318e+00	3.02246302e+00	1.82573703e+00
9900            	bump	1.35972322e+00	3.02248693e+00	1.82573738e+00
10000           	bump	1.35972319e+00	3.02251023e+00	1.82573785e+00
