# Wall shear stress
# Time          	patch           	min             	max             
100             	bump	(-2.31134332e+01 -2.83248215e+00 -3.65074576e-17)	(3.54911139e-01 1.35834221e+00 3.57551169e-17)
200             	bump	(-2.30756942e+01 -2.91939649e+00 -3.75842445e-17)	(-2.64144587e+00 1.61504848e+00 3.91538304e-17)
300             	bump	(-2.30622522e+01 -2.92100126e+00 -3.76385174e-17)	(-2.69907377e+00 1.61849461e+00 3.92368284e-17)
400             	bump	(-2.30539037e+01 -2.92108104e+00 -3.76428472e-17)	(-2.69966031e+00 1.61856142e+00 3.92422129e-17)
500             	bump	(-2.30487631e+01 -2.92110032e+00 -3.76427303e-17)	(-2.69978327e+00 1.61857641e+00 3.92424187e-17)
600             	bump	(-2.30455431e+01 -2.92111353e+00 -3.76419941e-17)	(-2.69985681e+00 1.61858395e+00 3.92418966e-17)
700             	bump	(-2.30434835e+01 -2.92111583e+00 -3.76412723e-17)	(-2.69991133e+00 1.61859041e+00 3.92412708e-17)
800             	bump	(-2.30421338e+01 -2.92111874e+00 -3.76405603e-17)	(-2.69995580e+00 1.61859538e+00 3.92406375e-17)
900             	bump	(-2.30412277e+01 -2.92112001e+00 -3.76398677e-17)	(-2.69999173e+00 1.61859943e+00 3.92400056e-17)
1000            	bump	(-2.30406068e+01 -2.92112088e+00 -3.76391981e-17)	(-2.70002143e+00 1.61860281e+00 3.92393832e-17)
1100            	bump	(-2.30401738e+01 -2.92112150e+00 -3.76385518e-17)	(-2.70004626e+00 1.61860568e+00 3.92387730e-17)
1200            	bump	(-2.30398671e+01 -2.92112195e+00 -3.76379280e-17)	(-2.70006725e+00 1.61860814e+00 3.92381769e-17)
1300            	bump	(-2.30396470e+01 -2.92112230e+00 -3.76373263e-17)	(-2.70008514e+00 1.61861028e+00 3.92375958e-17)
1400            	bump	(-2.30394872e+01 -2.92112259e+00 -3.76367458e-17)	(-2.70010053e+00 1.61861216e+00 3.92370303e-17)
1500            	bump	(-2.30393698e+01 -2.92112286e+00 -3.76361857e-17)	(-2.70011386e+00 1.61861383e+00 3.92364805e-17)
1600            	bump	(-2.30392827e+01 -2.92112312e+00 -3.76356450e-17)	(-2.70012551e+00 1.61861533e+00 3.92359465e-17)
1700            	bump	(-2.30392174e+01 -2.92112339e+00 -3.76351229e-17)	(-2.70013575e+00 1.61861670e+00 3.92354281e-17)
1800            	bump	(-2.30391680e+01 -2.92112366e+00 -3.76346185e-17)	(-2.70014482e+00 1.61861794e+00 3.92349249e-17)
1900            	bump	(-2.30391304e+01 -2.92112396e+00 -3.76341311e-17)	(-2.70015290e+00 1.61861909e+00 3.92344366e-17)
2000            	bump	(-2.30391015e+01 -2.92112427e+00 -3.76336598e-17)	(-2.70016014e+00 1.61862016e+00 3.92339629e-17)
2100            	bump	(-2.30390792e+01 -2.92112461e+00 -3.76332039e-17)	(-2.70016668e+00 1.61862116e+00 3.92335031e-17)
2200            	bump	(-2.30390620e+01 -2.92112496e+00 -3.76327627e-17)	(-2.70017260e+00 1.61862210e+00 3.92330570e-17)
2300            	bump	(-2.30390486e+01 -2.92112533e+00 -3.76323355e-17)	(-2.70017800e+00 1.61862299e+00 3.92326241e-17)
2400            	bump	(-2.30390381e+01 -2.92112572e+00 -3.76319218e-17)	(-2.70018294e+00 1.61862384e+00 3.92322039e-17)
2500            	bump	(-2.30390300e+01 -2.92112613e+00 -3.76315209e-17)	(-2.70018749e+00 1.61862465e+00 3.92317959e-17)
2600            	bump	(-2.30390237e+01 -2.92112655e+00 -3.76311323e-17)	(-2.70019169e+00 1.61862542e+00 3.92313998e-17)
2700            	bump	(-2.30390188e+01 -2.92112698e+00 -3.76307555e-17)	(-2.70019560e+00 1.61862617e+00 3.92310151e-17)
2800            	bump	(-2.30390150e+01 -2.92112742e+00 -3.76303899e-17)	(-2.70019923e+00 1.61862688e+00 3.92306414e-17)
2900            	bump	(-2.30390122e+01 -2.92112788e+00 -3.76300352e-17)	(-2.70020263e+00 1.61862758e+00 3.92302784e-17)
3000            	bump	(-2.30390102e+01 -2.92112834e+00 -3.76296909e-17)	(-2.70020582e+00 1.61862825e+00 3.92299256e-17)
3100            	bump	(-2.30390087e+01 -2.92112880e+00 -3.76293565e-17)	(-2.70020882e+00 1.61862890e+00 3.92295826e-17)
3200            	bump	(-2.30390078e+01 -2.92112928e+00 -3.76290318e-17)	(-2.70021164e+00 1.61862953e+00 3.92292493e-17)
3300            	bump	(-2.30390073e+01 -2.92112975e+00 -3.76287163e-17)	(-2.70021432e+00 1.61863014e+00 3.92289251e-17)
3400            	bump	(-2.30390071e+01 -2.92113023e+00 -3.76284097e-17)	(-2.70021686e+00 1.61863074e+00 3.92286099e-17)
3500            	bump	(-2.30390071e+01 -2.92115602e+00 -3.76281214e-17)	(-2.70027686e+00 1.61866669e+00 3.92282076e-17)
3600            	bump	(-2.30390097e+01 -2.92115663e+00 -3.76278515e-17)	(-2.70030135e+00 1.61866729e+00 3.92279383e-17)
3700            	bump	(-2.30390070e+01 -2.92113668e+00 -3.76275648e-17)	(-2.70026886e+00 1.61862526e+00 3.92277487e-17)
3800            	bump	(-2.30390037e+01 -2.92113598e+00 -3.76272637e-17)	(-2.70024353e+00 1.61862210e+00 3.92274243e-17)
3900            	bump	(-2.30390042e+01 -2.92113776e+00 -3.76269955e-17)	(-2.70025242e+00 1.61862412e+00 3.92271498e-17)
4000            	bump	(-2.30390052e+01 -2.92113830e+00 -3.76267362e-17)	(-2.70025462e+00 1.61862451e+00 3.92268822e-17)
4100            	bump	(-2.30390063e+01 -2.92113884e+00 -3.76264838e-17)	(-2.70025659e+00 1.61862488e+00 3.92266216e-17)
4200            	bump	(-2.30390075e+01 -2.92113937e+00 -3.76262381e-17)	(-2.70025849e+00 1.61862524e+00 3.92263678e-17)
4300            	bump	(-2.30390087e+01 -2.92113990e+00 -3.76259990e-17)	(-2.70026032e+00 1.61862559e+00 3.92261207e-17)
4400            	bump	(-2.30390101e+01 -2.92114043e+00 -3.76257662e-17)	(-2.70026209e+00 1.61862592e+00 3.92258801e-17)
4500            	bump	(-2.30390115e+01 -2.92114096e+00 -3.76255395e-17)	(-2.70026380e+00 1.61862624e+00 3.92256457e-17)
4600            	bump	(-2.30390129e+01 -2.92114148e+00 -3.76253188e-17)	(-2.70026546e+00 1.61862655e+00 3.92254175e-17)
4700            	bump	(-2.30390143e+01 -2.92114199e+00 -3.76251039e-17)	(-2.70026707e+00 1.61862685e+00 3.92251951e-17)
4800            	bump	(-2.30390158e+01 -2.92114250e+00 -3.76248946e-17)	(-2.70026863e+00 1.61862713e+00 3.92249784e-17)
4900            	bump	(-2.30390173e+01 -2.92114300e+00 -3.76246907e-17)	(-2.70027014e+00 1.61862740e+00 3.92247674e-17)
5000            	bump	(-2.30390187e+01 -2.92114350e+00 -3.76244921e-17)	(-2.70027161e+00 1.61862766e+00 3.92245617e-17)
5100            	bump	(-2.30390432e+01 -2.92108106e+00 -3.76247941e-17)	(-2.70031105e+00 1.61863211e+00 3.92244862e-17)
5200            	bump	(-2.30390238e+01 -2.92087587e+00 -3.76265966e-17)	(-2.70033683e+00 1.61868206e+00 3.92241728e-17)
5300            	bump	(-2.30390267e+01 -2.92087375e+00 -3.76264330e-17)	(-2.70037110e+00 1.61868246e+00 3.92240136e-17)
5400            	bump	(-2.30390284e+01 -2.92087417e+00 -3.76262540e-17)	(-2.70036530e+00 1.61868206e+00 3.92238264e-17)
5500            	bump	(-2.30390298e+01 -2.92087464e+00 -3.76260801e-17)	(-2.70036660e+00 1.61868228e+00 3.92236460e-17)
5600            	bump	(-2.30390311e+01 -2.92087510e+00 -3.76259107e-17)	(-2.70036786e+00 1.61868249e+00 3.92234702e-17)
5700            	bump	(-2.30390324e+01 -2.92087555e+00 -3.76257456e-17)	(-2.70036909e+00 1.61868269e+00 3.92232988e-17)
5800            	bump	(-2.30390336e+01 -2.92087599e+00 -3.76255847e-17)	(-2.70037028e+00 1.61868287e+00 3.92231318e-17)
5900            	bump	(-2.30390348e+01 -2.92087643e+00 -3.76254280e-17)	(-2.70037143e+00 1.61868305e+00 3.92229691e-17)
6000            	bump	(-2.30390360e+01 -2.92087686e+00 -3.76252753e-17)	(-2.70037256e+00 1.61868322e+00 3.92228105e-17)
6100            	bump	(-2.30390372e+01 -2.92087728e+00 -3.76251265e-17)	(-2.70037365e+00 1.61868338e+00 3.92226559e-17)
6200            	bump	(-2.30390384e+01 -2.92087770e+00 -3.76249815e-17)	(-2.70037472e+00 1.61868354e+00 3.92225053e-17)
6300            	bump	(-2.30390396e+01 -2.92087811e+00 -3.76248402e-17)	(-2.70037575e+00 1.61868368e+00 3.92223585e-17)
6400            	bump	(-2.30390407e+01 -2.92087851e+00 -3.76247026e-17)	(-2.70037675e+00 1.61868382e+00 3.92222155e-17)
6500            	bump	(-2.30390418e+01 -2.92087891e+00 -3.76245686e-17)	(-2.70037773e+00 1.61868395e+00 3.92220762e-17)
6600            	bump	(-2.30390429e+01 -2.92087930e+00 -3.76244380e-17)	(-2.70037868e+00 1.61868407e+00 3.92219404e-17)
6700            	bump	(-2.30390440e+01 -2.92087968e+00 -3.76243109e-17)	(-2.70037961e+00 1.61868419e+00 3.92218082e-17)
6800            	bump	(-2.30390451e+01 -2.92088006e+00 -3.76241870e-17)	(-2.70038051e+00 1.61868430e+00 3.92216794e-17)
6900            	bump	(-2.30390461e+01 -2.92088043e+00 -3.76240664e-17)	(-2.70038139e+00 1.61868440e+00 3.92215539e-17)
7000            	bump	(-2.30390472e+01 -2.92088079e+00 -3.76239489e-17)	(-2.70038224e+00 1.61868450e+00 3.92214318e-17)
7100            	bump	(-2.30390482e+01 -2.92088114e+00 -3.76238345e-17)	(-2.70038307e+00 1.61868460e+00 3.92213128e-17)
7200            	bump	(-2.30390491e+01 -2.92088149e+00 -3.76237232e-17)	(-2.70038387e+00 1.61868469e+00 3.92211969e-17)
7300            	bump	(-2.30390501e+01 -2.92088183e+00 -3.76236147e-17)	(-2.70038466e+00 1.61868477e+00 3.92210841e-17)
7400            	bump	(-2.30390510e+01 -2.92088216e+00 -3.76235092e-17)	(-2.70038542e+00 1.61868486e+00 3.92209743e-17)
7500            	bump	(-2.30390519e+01 -2.92088249e+00 -3.76234065e-17)	(-2.70038616e+00 1.61868493e+00 3.92208674e-17)
7600            	bump	(-2.30390528e+01 -2.92088281e+00 -3.76233065e-17)	(-2.70038688e+00 1.61868501e+00 3.92207633e-17)
7700            	bump	(-2.30390537e+01 -2.92088312e+00 -3.76232093e-17)	(-2.70038758e+00 1.61868508e+00 3.92206621e-17)
7800            	bump	(-2.30390546e+01 -2.92088342e+00 -3.76231146e-17)	(-2.70038826e+00 1.61868515e+00 3.92205635e-17)
7900            	bump	(-2.30390554e+01 -2.92088372e+00 -3.76230226e-17)	(-2.70038892e+00 1.61868522e+00 3.92204677e-17)
8000            	bump	(-2.30390562e+01 -2.92088401e+00 -3.76229330e-17)	(-2.70038956e+00 1.61868528e+00 3.92203745e-17)
8100            	bump	(-2.30390570e+01 -2.92088429e+00 -3.76228459e-17)	(-2.70039018e+00 1.61868535e+00 3.92202838e-17)
8200            	bump	(-2.30390578e+01 -2.92088456e+00 -3.76227613e-17)	(-2.70039079e+00 1.61868541e+00 3.92201956e-17)
8300            	bump	(-2.30390586e+01 -2.92088483e+00 -3.76226790e-17)	(-2.70039138e+00 1.61868547e+00 3.92201099e-17)
8400            	bump	(-2.30390593e+01 -2.92088509e+00 -3.76225990e-17)	(-2.70039195e+00 1.61868553e+00 3.92200266e-17)
8500            	bump	(-2.30390600e+01 -2.92088535e+00 -3.76225212e-17)	(-2.70039250e+00 1.61868558e+00 3.92199456e-17)
8600            	bump	(-2.30390607e+01 -2.92088559e+00 -3.76224457e-17)	(-2.70039304e+00 1.61868564e+00 3.92198669e-17)
8700            	bump	(-2.30390614e+01 -2.92088583e+00 -3.76223723e-17)	(-2.70039356e+00 1.61868570e+00 3.92197904e-17)
8800            	bump	(-2.30390621e+01 -2.92088607e+00 -3.76223010e-17)	(-2.70039406e+00 1.61868575e+00 3.92197162e-17)
8900            	bump	(-2.30390628e+01 -2.92088629e+00 -3.76222318e-17)	(-2.70039455e+00 1.61868581e+00 3.92196441e-17)
9000            	bump	(-2.30390634e+01 -2.92088651e+00 -3.76221647e-17)	(-2.70039502e+00 1.61868586e+00 3.92195741e-17)
9100            	bump	(-2.30390640e+01 -2.92088673e+00 -3.76220995e-17)	(-2.70039548e+00 1.61868592e+00 3.92195062e-17)
9200            	bump	(-2.30390646e+01 -2.92088693e+00 -3.76220362e-17)	(-2.70039593e+00 1.61868597e+00 3.92194403e-17)
9300            	bump	(-2.30390652e+01 -2.92088713e+00 -3.76219748e-17)	(-2.70039636e+00 1.61868602e+00 3.92193764e-17)
9400            	bump	(-2.30390658e+01 -2.92088733e+00 -3.76219153e-17)	(-2.70039678e+00 1.61868608e+00 3.92193144e-17)
9500            	bump	(-2.30390664e+01 -2.92088751e+00 -3.76218577e-17)	(-2.70039718e+00 1.61868613e+00 3.92192543e-17)
9600            	bump	(-2.30390669e+01 -2.92088769e+00 -3.76218018e-17)	(-2.70039757e+00 1.61868618e+00 3.92191960e-17)
9700            	bump	(-2.30390675e+01 -2.92088787e+00 -3.76217476e-17)	(-2.70039795e+00 1.61868624e+00 3.92191396e-17)
9800            	bump	(-2.30390680e+01 -2.92088804e+00 -3.76216951e-17)	(-2.70039832e+00 1.61868629e+00 3.92190849e-17)
9900            	bump	(-2.30390685e+01 -2.92088820e+00 -3.76216444e-17)	(-2.70039867e+00 1.61868635e+00 3.92190320e-17)
10000           	bump	(-2.30390690e+01 -2.92088836e+00 -3.76215952e-17)	(-2.70039902e+00 1.61868640e+00 3.92189808e-17)
