# Region type : functionObjectSurface sampled.plane1
# Faces       : 986
# Area        : 3.081250e-03
# Scale factor: 1.000000e+00
# Weight field: rhoU
# Time        	weightedUniformity(p)	weightedUniformity(U)	weightedUniformity(rhoU)
1             	9.638289e-01	9.239380e-01	9.239380e-01
2             	9.527817e-01	9.185573e-01	9.185573e-01
3             	9.171527e-01	8.646591e-01	8.646591e-01
4             	8.715613e-01	7.838467e-01	7.838467e-01
5             	9.296567e-01	9.059650e-01	9.059650e-01
6             	9.409346e-01	9.543587e-01	9.543587e-01
7             	9.323210e-01	9.514713e-01	9.514713e-01
8             	9.350844e-01	9.705174e-01	9.705174e-01
9             	9.351420e-01	9.801602e-01	9.801602e-01
10            	9.168415e-01	9.831985e-01	9.831985e-01
11            	9.221582e-01	9.825576e-01	9.825576e-01
12            	9.357137e-01	9.802288e-01	9.802288e-01
13            	9.530670e-01	9.804276e-01	9.804276e-01
14            	9.608442e-01	9.810214e-01	9.810214e-01
15            	9.661995e-01	9.809134e-01	9.809134e-01
16            	9.707595e-01	9.823301e-01	9.823301e-01
17            	9.743162e-01	9.840923e-01	9.840923e-01
18            	9.762303e-01	9.864084e-01	9.864084e-01
19            	9.784683e-01	9.873998e-01	9.873998e-01
20            	9.796019e-01	9.909021e-01	9.909021e-01
21            	9.807055e-01	9.926059e-01	9.926059e-01
22            	9.815951e-01	9.932799e-01	9.932799e-01
23            	9.820655e-01	9.940655e-01	9.940655e-01
24            	9.822319e-01	9.949107e-01	9.949107e-01
25            	9.826567e-01	9.952744e-01	9.952744e-01
26            	9.825592e-01	9.960141e-01	9.960141e-01
27            	9.827805e-01	9.962627e-01	9.962627e-01
28            	9.827357e-01	9.964312e-01	9.964312e-01
29            	9.826380e-01	9.964075e-01	9.964075e-01
30            	9.826894e-01	9.963926e-01	9.963926e-01
31            	9.826486e-01	9.963260e-01	9.963260e-01
32            	9.826384e-01	9.962601e-01	9.962601e-01
33            	9.826065e-01	9.963163e-01	9.963163e-01
34            	9.827463e-01	9.963345e-01	9.963345e-01
35            	9.832315e-01	9.963747e-01	9.963747e-01
36            	9.834709e-01	9.964087e-01	9.964087e-01
37            	9.837698e-01	9.964669e-01	9.964669e-01
38            	9.840817e-01	9.964917e-01	9.964917e-01
39            	9.843300e-01	9.965442e-01	9.965442e-01
40            	9.845054e-01	9.965699e-01	9.965699e-01
41            	9.846508e-01	9.965948e-01	9.965948e-01
42            	9.847684e-01	9.965998e-01	9.965998e-01
43            	9.848935e-01	9.966109e-01	9.966109e-01
44            	9.850289e-01	9.966095e-01	9.966095e-01
45            	9.851563e-01	9.966107e-01	9.966107e-01
46            	9.853139e-01	9.966117e-01	9.966117e-01
47            	9.854215e-01	9.966194e-01	9.966194e-01
48            	9.856124e-01	9.966214e-01	9.966214e-01
49            	9.857743e-01	9.966250e-01	9.966250e-01
50            	9.859026e-01	9.966250e-01	9.966250e-01
51            	9.860450e-01	9.966297e-01	9.966297e-01
52            	9.861922e-01	9.966265e-01	9.966265e-01
53            	9.863509e-01	9.966323e-01	9.966323e-01
54            	9.864863e-01	9.966315e-01	9.966315e-01
55            	9.865886e-01	9.966331e-01	9.966331e-01
56            	9.866882e-01	9.966339e-01	9.966339e-01
57            	9.867865e-01	9.966352e-01	9.966352e-01
58            	9.868630e-01	9.966331e-01	9.966331e-01
59            	9.869247e-01	9.966370e-01	9.966370e-01
60            	9.869779e-01	9.966376e-01	9.966376e-01
61            	9.869994e-01	9.966359e-01	9.966359e-01
62            	9.870221e-01	9.966385e-01	9.966385e-01
63            	9.870356e-01	9.966400e-01	9.966400e-01
64            	9.870758e-01	9.966398e-01	9.966398e-01
65            	9.871068e-01	9.966414e-01	9.966414e-01
66            	9.871743e-01	9.966396e-01	9.966396e-01
67            	9.872063e-01	9.966421e-01	9.966421e-01
68            	9.872359e-01	9.966413e-01	9.966413e-01
69            	9.872018e-01	9.966436e-01	9.966436e-01
70            	9.871660e-01	9.966416e-01	9.966416e-01
71            	9.870712e-01	9.966444e-01	9.966444e-01
72            	9.870183e-01	9.966434e-01	9.966434e-01
73            	9.869551e-01	9.966426e-01	9.966426e-01
74            	9.869034e-01	9.966446e-01	9.966446e-01
75            	9.868093e-01	9.966453e-01	9.966453e-01
76            	9.866936e-01	9.966451e-01	9.966451e-01
77            	9.865629e-01	9.966454e-01	9.966454e-01
78            	9.864375e-01	9.966448e-01	9.966448e-01
79            	9.863197e-01	9.966458e-01	9.966458e-01
80            	9.862135e-01	9.966454e-01	9.966454e-01
81            	9.861062e-01	9.966466e-01	9.966466e-01
82            	9.860186e-01	9.966463e-01	9.966463e-01
83            	9.859084e-01	9.966467e-01	9.966467e-01
84            	9.858115e-01	9.966461e-01	9.966461e-01
85            	9.856496e-01	9.966472e-01	9.966472e-01
86            	9.855316e-01	9.966467e-01	9.966467e-01
87            	9.853900e-01	9.966474e-01	9.966474e-01
88            	9.852862e-01	9.966469e-01	9.966469e-01
89            	9.851893e-01	9.966476e-01	9.966476e-01
90            	9.850939e-01	9.966470e-01	9.966470e-01
91            	9.850298e-01	9.966478e-01	9.966478e-01
92            	9.849464e-01	9.966474e-01	9.966474e-01
93            	9.848651e-01	9.966480e-01	9.966480e-01
94            	9.847669e-01	9.966473e-01	9.966473e-01
95            	9.846588e-01	9.966481e-01	9.966481e-01
96            	9.845600e-01	9.966475e-01	9.966475e-01
97            	9.844608e-01	9.966481e-01	9.966481e-01
98            	9.843434e-01	9.966474e-01	9.966474e-01
99            	9.842799e-01	9.966481e-01	9.966481e-01
100           	9.841546e-01	9.966474e-01	9.966474e-01
101           	9.840922e-01	9.966481e-01	9.966481e-01
102           	9.839889e-01	9.966474e-01	9.966474e-01
103           	9.838741e-01	9.966479e-01	9.966479e-01
104           	9.837775e-01	9.966473e-01	9.966473e-01
105           	9.836525e-01	9.966479e-01	9.966479e-01
106           	9.835477e-01	9.966473e-01	9.966473e-01
107           	9.834161e-01	9.966478e-01	9.966478e-01
108           	9.833243e-01	9.966472e-01	9.966472e-01
109           	9.832140e-01	9.966480e-01	9.966480e-01
110           	9.831426e-01	9.966474e-01	9.966474e-01
111           	9.830502e-01	9.966479e-01	9.966479e-01
112           	9.829907e-01	9.966474e-01	9.966474e-01
113           	9.828921e-01	9.966481e-01	9.966481e-01
114           	9.827678e-01	9.966476e-01	9.966476e-01
115           	9.825887e-01	9.966481e-01	9.966481e-01
116           	9.824566e-01	9.966475e-01	9.966475e-01
117           	9.823818e-01	9.966484e-01	9.966484e-01
118           	9.822106e-01	9.966477e-01	9.966477e-01
119           	9.821443e-01	9.966483e-01	9.966483e-01
120           	9.819782e-01	9.966476e-01	9.966476e-01
121           	9.819137e-01	9.966484e-01	9.966484e-01
122           	9.817664e-01	9.966477e-01	9.966477e-01
123           	9.816773e-01	9.966482e-01	9.966482e-01
124           	9.815671e-01	9.966475e-01	9.966475e-01
125           	9.814394e-01	9.966483e-01	9.966483e-01
126           	9.812871e-01	9.966476e-01	9.966476e-01
127           	9.811640e-01	9.966481e-01	9.966481e-01
128           	9.810566e-01	9.966474e-01	9.966474e-01
129           	9.809435e-01	9.966482e-01	9.966482e-01
130           	9.808758e-01	9.966476e-01	9.966476e-01
131           	9.808042e-01	9.966480e-01	9.966480e-01
132           	9.807587e-01	9.966474e-01	9.966474e-01
133           	9.806806e-01	9.966482e-01	9.966482e-01
134           	9.806149e-01	9.966476e-01	9.966476e-01
135           	9.805269e-01	9.966480e-01	9.966480e-01
136           	9.804614e-01	9.966474e-01	9.966474e-01
137           	9.803731e-01	9.966482e-01	9.966482e-01
138           	9.803002e-01	9.966476e-01	9.966476e-01
139           	9.801989e-01	9.966480e-01	9.966480e-01
140           	9.801115e-01	9.966475e-01	9.966475e-01
141           	9.799913e-01	9.966482e-01	9.966482e-01
142           	9.798759e-01	9.966477e-01	9.966477e-01
143           	9.797428e-01	9.966481e-01	9.966481e-01
144           	9.796449e-01	9.966475e-01	9.966475e-01
145           	9.795426e-01	9.966482e-01	9.966482e-01
146           	9.794723e-01	9.966477e-01	9.966477e-01
147           	9.793823e-01	9.966481e-01	9.966481e-01
148           	9.793244e-01	9.966476e-01	9.966476e-01
149           	9.792445e-01	9.966482e-01	9.966482e-01
150           	9.792018e-01	9.966477e-01	9.966477e-01
151           	9.791400e-01	9.966481e-01	9.966481e-01
152           	9.791168e-01	9.966475e-01	9.966475e-01
153           	9.790716e-01	9.966482e-01	9.966482e-01
154           	9.790591e-01	9.966477e-01	9.966477e-01
155           	9.790132e-01	9.966480e-01	9.966480e-01
156           	9.790123e-01	9.966475e-01	9.966475e-01
157           	9.790058e-01	9.966482e-01	9.966482e-01
158           	9.790441e-01	9.966476e-01	9.966476e-01
159           	9.790657e-01	9.966480e-01	9.966480e-01
160           	9.791236e-01	9.966474e-01	9.966474e-01
161           	9.791758e-01	9.966482e-01	9.966482e-01
162           	9.792021e-01	9.966476e-01	9.966476e-01
163           	9.792463e-01	9.966480e-01	9.966480e-01
164           	9.792753e-01	9.966474e-01	9.966474e-01
165           	9.793309e-01	9.966481e-01	9.966481e-01
166           	9.793560e-01	9.966475e-01	9.966475e-01
167           	9.794119e-01	9.966479e-01	9.966479e-01
168           	9.794393e-01	9.966473e-01	9.966473e-01
169           	9.794741e-01	9.966481e-01	9.966481e-01
170           	9.794934e-01	9.966475e-01	9.966475e-01
171           	9.795259e-01	9.966479e-01	9.966479e-01
172           	9.795690e-01	9.966473e-01	9.966473e-01
173           	9.796025e-01	9.966481e-01	9.966481e-01
174           	9.796436e-01	9.966475e-01	9.966475e-01
175           	9.796955e-01	9.966479e-01	9.966479e-01
176           	9.797577e-01	9.966473e-01	9.966473e-01
177           	9.797967e-01	9.966481e-01	9.966481e-01
178           	9.798557e-01	9.966475e-01	9.966475e-01
179           	9.799002e-01	9.966479e-01	9.966479e-01
180           	9.799549e-01	9.966474e-01	9.966474e-01
181           	9.799784e-01	9.966481e-01	9.966481e-01
182           	9.800223e-01	9.966476e-01	9.966476e-01
183           	9.800379e-01	9.966479e-01	9.966479e-01
184           	9.800803e-01	9.966474e-01	9.966474e-01
185           	9.801072e-01	9.966481e-01	9.966481e-01
186           	9.801568e-01	9.966476e-01	9.966476e-01
187           	9.801867e-01	9.966479e-01	9.966479e-01
188           	9.802455e-01	9.966474e-01	9.966474e-01
189           	9.802729e-01	9.966482e-01	9.966482e-01
190           	9.803209e-01	9.966476e-01	9.966476e-01
191           	9.803362e-01	9.966480e-01	9.966480e-01
192           	9.803747e-01	9.966475e-01	9.966475e-01
193           	9.803786e-01	9.966481e-01	9.966481e-01
194           	9.804256e-01	9.966476e-01	9.966476e-01
195           	9.804445e-01	9.966480e-01	9.966480e-01
196           	9.804997e-01	9.966474e-01	9.966474e-01
197           	9.805299e-01	9.966481e-01	9.966481e-01
198           	9.805755e-01	9.966476e-01	9.966476e-01
199           	9.805895e-01	9.966479e-01	9.966479e-01
200           	9.806336e-01	9.966474e-01	9.966474e-01
201           	9.806345e-01	9.966482e-01	9.966482e-01
202           	9.806636e-01	9.966476e-01	9.966476e-01
203           	9.807048e-01	9.966481e-01	9.966481e-01
204           	9.807486e-01	9.966473e-01	9.966473e-01
205           	9.808007e-01	9.966482e-01	9.966482e-01
206           	9.808340e-01	9.966474e-01	9.966474e-01
207           	9.808627e-01	9.966480e-01	9.966480e-01
208           	9.808857e-01	9.966472e-01	9.966472e-01
209           	9.809087e-01	9.966482e-01	9.966482e-01
210           	9.809316e-01	9.966474e-01	9.966474e-01
211           	9.809491e-01	9.966480e-01	9.966480e-01
212           	9.809779e-01	9.966472e-01	9.966472e-01
213           	9.810044e-01	9.966482e-01	9.966482e-01
214           	9.810317e-01	9.966474e-01	9.966474e-01
215           	9.810733e-01	9.966480e-01	9.966480e-01
216           	9.811062e-01	9.966472e-01	9.966472e-01
217           	9.811494e-01	9.966482e-01	9.966482e-01
218           	9.811806e-01	9.966474e-01	9.966474e-01
219           	9.812106e-01	9.966480e-01	9.966480e-01
220           	9.812638e-01	9.966473e-01	9.966473e-01
221           	9.813056e-01	9.966482e-01	9.966482e-01
222           	9.813288e-01	9.966474e-01	9.966474e-01
223           	9.813577e-01	9.966480e-01	9.966480e-01
224           	9.814013e-01	9.966473e-01	9.966473e-01
225           	9.814261e-01	9.966482e-01	9.966482e-01
226           	9.814503e-01	9.966474e-01	9.966474e-01
227           	9.814739e-01	9.966481e-01	9.966481e-01
228           	9.815096e-01	9.966474e-01	9.966474e-01
229           	9.815390e-01	9.966483e-01	9.966483e-01
230           	9.815617e-01	9.966475e-01	9.966475e-01
231           	9.815856e-01	9.966481e-01	9.966481e-01
232           	9.816226e-01	9.966474e-01	9.966474e-01
233           	9.816354e-01	9.966483e-01	9.966483e-01
234           	9.816496e-01	9.966475e-01	9.966475e-01
235           	9.816591e-01	9.966481e-01	9.966481e-01
236           	9.816844e-01	9.966474e-01	9.966474e-01
237           	9.817129e-01	9.966483e-01	9.966483e-01
238           	9.817423e-01	9.966475e-01	9.966475e-01
239           	9.817549e-01	9.966481e-01	9.966481e-01
240           	9.817724e-01	9.966473e-01	9.966473e-01
241           	9.817914e-01	9.966483e-01	9.966483e-01
242           	9.818498e-01	9.966476e-01	9.966476e-01
243           	9.818547e-01	9.966481e-01	9.966481e-01
244           	9.818665e-01	9.966473e-01	9.966473e-01
245           	9.818740e-01	9.966483e-01	9.966483e-01
246           	9.819011e-01	9.966475e-01	9.966475e-01
247           	9.819181e-01	9.966481e-01	9.966481e-01
248           	9.819344e-01	9.966472e-01	9.966472e-01
249           	9.819419e-01	9.966483e-01	9.966483e-01
250           	9.819474e-01	9.966474e-01	9.966474e-01
251           	9.819486e-01	9.966481e-01	9.966481e-01
252           	9.819517e-01	9.966471e-01	9.966471e-01
253           	9.819521e-01	9.966483e-01	9.966483e-01
254           	9.819542e-01	9.966473e-01	9.966473e-01
255           	9.819516e-01	9.966481e-01	9.966481e-01
256           	9.819510e-01	9.966471e-01	9.966471e-01
257           	9.819472e-01	9.966482e-01	9.966482e-01
258           	9.819506e-01	9.966473e-01	9.966473e-01
259           	9.819468e-01	9.966481e-01	9.966481e-01
260           	9.819471e-01	9.966471e-01	9.966471e-01
261           	9.819445e-01	9.966483e-01	9.966483e-01
262           	9.819470e-01	9.966473e-01	9.966473e-01
263           	9.819456e-01	9.966480e-01	9.966480e-01
264           	9.819494e-01	9.966471e-01	9.966471e-01
265           	9.819493e-01	9.966482e-01	9.966482e-01
266           	9.819517e-01	9.966473e-01	9.966473e-01
267           	9.819512e-01	9.966481e-01	9.966481e-01
268           	9.819563e-01	9.966471e-01	9.966471e-01
269           	9.819596e-01	9.966482e-01	9.966482e-01
270           	9.819694e-01	9.966473e-01	9.966473e-01
271           	9.819783e-01	9.966480e-01	9.966480e-01
272           	9.819930e-01	9.966471e-01	9.966471e-01
273           	9.820064e-01	9.966483e-01	9.966483e-01
274           	9.820206e-01	9.966473e-01	9.966473e-01
275           	9.820328e-01	9.966481e-01	9.966481e-01
276           	9.820426e-01	9.966471e-01	9.966471e-01
277           	9.820524e-01	9.966482e-01	9.966482e-01
278           	9.820615e-01	9.966472e-01	9.966472e-01
279           	9.820677e-01	9.966481e-01	9.966481e-01
280           	9.820734e-01	9.966471e-01	9.966471e-01
281           	9.820778e-01	9.966482e-01	9.966482e-01
282           	9.820817e-01	9.966472e-01	9.966472e-01
283           	9.820844e-01	9.966481e-01	9.966481e-01
284           	9.820883e-01	9.966471e-01	9.966471e-01
285           	9.820879e-01	9.966483e-01	9.966483e-01
286           	9.820902e-01	9.966473e-01	9.966473e-01
287           	9.820895e-01	9.966481e-01	9.966481e-01
288           	9.820908e-01	9.966471e-01	9.966471e-01
289           	9.820853e-01	9.966482e-01	9.966482e-01
290           	9.820795e-01	9.966474e-01	9.966474e-01
291           	9.820708e-01	9.966481e-01	9.966481e-01
292           	9.820635e-01	9.966472e-01	9.966472e-01
293           	9.820510e-01	9.966483e-01	9.966483e-01
294           	9.820456e-01	9.966472e-01	9.966472e-01
295           	9.820413e-01	9.966481e-01	9.966481e-01
296           	9.820407e-01	9.966471e-01	9.966471e-01
297           	9.820377e-01	9.966483e-01	9.966483e-01
298           	9.820398e-01	9.966472e-01	9.966472e-01
299           	9.820422e-01	9.966481e-01	9.966481e-01
300           	9.820484e-01	9.966471e-01	9.966471e-01
301           	9.820539e-01	9.966483e-01	9.966483e-01
302           	9.820682e-01	9.966473e-01	9.966473e-01
303           	9.820775e-01	9.966481e-01	9.966481e-01
304           	9.820868e-01	9.966471e-01	9.966471e-01
305           	9.820920e-01	9.966483e-01	9.966483e-01
306           	9.820990e-01	9.966473e-01	9.966473e-01
307           	9.821024e-01	9.966481e-01	9.966481e-01
308           	9.821113e-01	9.966471e-01	9.966471e-01
309           	9.821179e-01	9.966483e-01	9.966483e-01
310           	9.821248e-01	9.966473e-01	9.966473e-01
311           	9.821283e-01	9.966481e-01	9.966481e-01
312           	9.821320e-01	9.966471e-01	9.966471e-01
313           	9.821360e-01	9.966483e-01	9.966483e-01
314           	9.821426e-01	9.966473e-01	9.966473e-01
315           	9.821445e-01	9.966481e-01	9.966481e-01
316           	9.821484e-01	9.966471e-01	9.966471e-01
317           	9.821498e-01	9.966483e-01	9.966483e-01
318           	9.821536e-01	9.966473e-01	9.966473e-01
319           	9.821565e-01	9.966481e-01	9.966481e-01
320           	9.821614e-01	9.966471e-01	9.966471e-01
321           	9.821646e-01	9.966483e-01	9.966483e-01
322           	9.821729e-01	9.966473e-01	9.966473e-01
323           	9.821789e-01	9.966481e-01	9.966481e-01
324           	9.821879e-01	9.966471e-01	9.966471e-01
325           	9.821959e-01	9.966483e-01	9.966483e-01
326           	9.822063e-01	9.966473e-01	9.966473e-01
327           	9.822150e-01	9.966481e-01	9.966481e-01
328           	9.822209e-01	9.966471e-01	9.966471e-01
329           	9.822251e-01	9.966483e-01	9.966483e-01
330           	9.822298e-01	9.966473e-01	9.966473e-01
331           	9.822333e-01	9.966481e-01	9.966481e-01
332           	9.822388e-01	9.966471e-01	9.966471e-01
333           	9.822409e-01	9.966483e-01	9.966483e-01
334           	9.822422e-01	9.966472e-01	9.966472e-01
335           	9.822425e-01	9.966481e-01	9.966481e-01
336           	9.822460e-01	9.966471e-01	9.966471e-01
337           	9.822495e-01	9.966482e-01	9.966482e-01
338           	9.822563e-01	9.966473e-01	9.966473e-01
339           	9.822625e-01	9.966481e-01	9.966481e-01
340           	9.822696e-01	9.966471e-01	9.966471e-01
341           	9.822740e-01	9.966483e-01	9.966483e-01
342           	9.822821e-01	9.966473e-01	9.966473e-01
343           	9.822886e-01	9.966480e-01	9.966480e-01
344           	9.822964e-01	9.966470e-01	9.966470e-01
345           	9.823003e-01	9.966482e-01	9.966482e-01
346           	9.823051e-01	9.966472e-01	9.966472e-01
347           	9.823064e-01	9.966480e-01	9.966480e-01
348           	9.823088e-01	9.966470e-01	9.966470e-01
349           	9.823090e-01	9.966482e-01	9.966482e-01
350           	9.823111e-01	9.966472e-01	9.966472e-01
351           	9.823128e-01	9.966481e-01	9.966481e-01
352           	9.823157e-01	9.966473e-01	9.966473e-01
353           	9.823149e-01	9.966485e-01	9.966485e-01
354           	9.823145e-01	9.966476e-01	9.966476e-01
355           	9.823126e-01	9.966483e-01	9.966483e-01
356           	9.823137e-01	9.966473e-01	9.966473e-01
357           	9.823137e-01	9.966486e-01	9.966486e-01
358           	9.823150e-01	9.966475e-01	9.966475e-01
359           	9.823136e-01	9.966484e-01	9.966484e-01
360           	9.823139e-01	9.966474e-01	9.966474e-01
361           	9.823114e-01	9.966486e-01	9.966486e-01
362           	9.823108e-01	9.966476e-01	9.966476e-01
363           	9.823056e-01	9.966483e-01	9.966483e-01
364           	9.823018e-01	9.966474e-01	9.966474e-01
365           	9.822943e-01	9.966484e-01	9.966484e-01
366           	9.822882e-01	9.966474e-01	9.966474e-01
367           	9.822831e-01	9.966481e-01	9.966481e-01
368           	9.822790e-01	9.966471e-01	9.966471e-01
369           	9.822750e-01	9.966483e-01	9.966483e-01
370           	9.822711e-01	9.966473e-01	9.966473e-01
371           	9.822674e-01	9.966481e-01	9.966481e-01
372           	9.822650e-01	9.966471e-01	9.966471e-01
373           	9.822622e-01	9.966483e-01	9.966483e-01
374           	9.822606e-01	9.966473e-01	9.966473e-01
375           	9.822579e-01	9.966481e-01	9.966481e-01
376           	9.822560e-01	9.966471e-01	9.966471e-01
377           	9.822531e-01	9.966482e-01	9.966482e-01
378           	9.822503e-01	9.966472e-01	9.966472e-01
379           	9.822473e-01	9.966480e-01	9.966480e-01
380           	9.822447e-01	9.966470e-01	9.966470e-01
381           	9.822422e-01	9.966481e-01	9.966481e-01
382           	9.822406e-01	9.966471e-01	9.966471e-01
383           	9.822385e-01	9.966479e-01	9.966479e-01
384           	9.822382e-01	9.966469e-01	9.966469e-01
385           	9.822366e-01	9.966481e-01	9.966481e-01
386           	9.822362e-01	9.966471e-01	9.966471e-01
387           	9.822353e-01	9.966479e-01	9.966479e-01
388           	9.822357e-01	9.966469e-01	9.966469e-01
389           	9.822348e-01	9.966481e-01	9.966481e-01
390           	9.822356e-01	9.966471e-01	9.966471e-01
391           	9.822348e-01	9.966479e-01	9.966479e-01
392           	9.822356e-01	9.966469e-01	9.966469e-01
393           	9.822353e-01	9.966481e-01	9.966481e-01
394           	9.822361e-01	9.966471e-01	9.966471e-01
395           	9.822357e-01	9.966479e-01	9.966479e-01
396           	9.822366e-01	9.966470e-01	9.966470e-01
397           	9.822360e-01	9.966481e-01	9.966481e-01
398           	9.822361e-01	9.966471e-01	9.966471e-01
399           	9.822353e-01	9.966479e-01	9.966479e-01
400           	9.822357e-01	9.966470e-01	9.966470e-01
401           	9.822342e-01	9.966481e-01	9.966481e-01
402           	9.822334e-01	9.966471e-01	9.966471e-01
403           	9.822318e-01	9.966480e-01	9.966480e-01
404           	9.822313e-01	9.966470e-01	9.966470e-01
405           	9.822294e-01	9.966481e-01	9.966481e-01
406           	9.822286e-01	9.966471e-01	9.966471e-01
407           	9.822269e-01	9.966480e-01	9.966480e-01
408           	9.822262e-01	9.966470e-01	9.966470e-01
409           	9.822252e-01	9.966481e-01	9.966481e-01
410           	9.822248e-01	9.966471e-01	9.966471e-01
411           	9.822236e-01	9.966480e-01	9.966480e-01
412           	9.822239e-01	9.966470e-01	9.966470e-01
413           	9.822229e-01	9.966481e-01	9.966481e-01
414           	9.822231e-01	9.966471e-01	9.966471e-01
415           	9.822226e-01	9.966480e-01	9.966480e-01
416           	9.822234e-01	9.966470e-01	9.966470e-01
417           	9.822224e-01	9.966481e-01	9.966481e-01
418           	9.822227e-01	9.966471e-01	9.966471e-01
419           	9.822216e-01	9.966480e-01	9.966480e-01
420           	9.822217e-01	9.966470e-01	9.966470e-01
421           	9.822202e-01	9.966481e-01	9.966481e-01
422           	9.822188e-01	9.966471e-01	9.966471e-01
423           	9.822170e-01	9.966480e-01	9.966480e-01
424           	9.822159e-01	9.966470e-01	9.966470e-01
425           	9.822138e-01	9.966481e-01	9.966481e-01
426           	9.822127e-01	9.966471e-01	9.966471e-01
427           	9.822108e-01	9.966480e-01	9.966480e-01
428           	9.822101e-01	9.966470e-01	9.966470e-01
429           	9.822088e-01	9.966481e-01	9.966481e-01
430           	9.822083e-01	9.966471e-01	9.966471e-01
431           	9.822075e-01	9.966480e-01	9.966480e-01
432           	9.822081e-01	9.966470e-01	9.966470e-01
433           	9.822071e-01	9.966481e-01	9.966481e-01
434           	9.822076e-01	9.966471e-01	9.966471e-01
435           	9.822069e-01	9.966480e-01	9.966480e-01
436           	9.822079e-01	9.966470e-01	9.966470e-01
437           	9.822073e-01	9.966481e-01	9.966481e-01
438           	9.822079e-01	9.966471e-01	9.966471e-01
439           	9.822073e-01	9.966480e-01	9.966480e-01
440           	9.822081e-01	9.966470e-01	9.966470e-01
441           	9.822074e-01	9.966481e-01	9.966481e-01
442           	9.822075e-01	9.966471e-01	9.966471e-01
443           	9.822067e-01	9.966480e-01	9.966480e-01
444           	9.822071e-01	9.966470e-01	9.966470e-01
445           	9.822059e-01	9.966481e-01	9.966481e-01
446           	9.822057e-01	9.966471e-01	9.966471e-01
447           	9.822044e-01	9.966480e-01	9.966480e-01
448           	9.822042e-01	9.966470e-01	9.966470e-01
449           	9.822032e-01	9.966481e-01	9.966481e-01
450           	9.822028e-01	9.966471e-01	9.966471e-01
451           	9.822017e-01	9.966480e-01	9.966480e-01
452           	9.822021e-01	9.966470e-01	9.966470e-01
453           	9.822008e-01	9.966481e-01	9.966481e-01
454           	9.822010e-01	9.966471e-01	9.966471e-01
455           	9.822002e-01	9.966480e-01	9.966480e-01
456           	9.822006e-01	9.966470e-01	9.966470e-01
457           	9.821999e-01	9.966481e-01	9.966481e-01
458           	9.822005e-01	9.966471e-01	9.966471e-01
459           	9.821996e-01	9.966479e-01	9.966479e-01
460           	9.822006e-01	9.966469e-01	9.966469e-01
461           	9.821999e-01	9.966481e-01	9.966481e-01
462           	9.822003e-01	9.966471e-01	9.966471e-01
463           	9.821999e-01	9.966480e-01	9.966480e-01
464           	9.822007e-01	9.966470e-01	9.966470e-01
465           	9.821998e-01	9.966481e-01	9.966481e-01
466           	9.822004e-01	9.966471e-01	9.966471e-01
467           	9.821998e-01	9.966480e-01	9.966480e-01
468           	9.822006e-01	9.966470e-01	9.966470e-01
469           	9.821997e-01	9.966481e-01	9.966481e-01
470           	9.822003e-01	9.966471e-01	9.966471e-01
471           	9.821994e-01	9.966480e-01	9.966480e-01
472           	9.822003e-01	9.966470e-01	9.966470e-01
473           	9.821994e-01	9.966481e-01	9.966481e-01
474           	9.821996e-01	9.966471e-01	9.966471e-01
475           	9.821990e-01	9.966480e-01	9.966480e-01
476           	9.821998e-01	9.966470e-01	9.966470e-01
477           	9.821990e-01	9.966481e-01	9.966481e-01
478           	9.821992e-01	9.966471e-01	9.966471e-01
479           	9.821984e-01	9.966480e-01	9.966480e-01
480           	9.821994e-01	9.966470e-01	9.966470e-01
481           	9.821986e-01	9.966481e-01	9.966481e-01
482           	9.821989e-01	9.966471e-01	9.966471e-01
483           	9.821982e-01	9.966480e-01	9.966480e-01
484           	9.821990e-01	9.966470e-01	9.966470e-01
485           	9.821983e-01	9.966481e-01	9.966481e-01
486           	9.821987e-01	9.966471e-01	9.966471e-01
487           	9.821981e-01	9.966480e-01	9.966480e-01
488           	9.821992e-01	9.966470e-01	9.966470e-01
489           	9.821984e-01	9.966481e-01	9.966481e-01
490           	9.821989e-01	9.966471e-01	9.966471e-01
491           	9.821983e-01	9.966480e-01	9.966480e-01
492           	9.821993e-01	9.966470e-01	9.966470e-01
493           	9.821988e-01	9.966481e-01	9.966481e-01
494           	9.821992e-01	9.966471e-01	9.966471e-01
495           	9.821986e-01	9.966480e-01	9.966480e-01
496           	9.821993e-01	9.966470e-01	9.966470e-01
497           	9.821987e-01	9.966481e-01	9.966481e-01
498           	9.821992e-01	9.966471e-01	9.966471e-01
499           	9.821986e-01	9.966480e-01	9.966480e-01
500           	9.821996e-01	9.966470e-01	9.966470e-01
