# Region type : functionObjectSurface sampled.plane1
# Faces       : 986
# Area        : 3.081250e-03
# Scale factor: 1.000000e+00
# Weight field: rhoU
# Time        	weightedAreaIntegrate(p)	weightedAreaIntegrate(pTotal)
1             	-1.054567e+01	-1.435371e+01
2             	-1.071763e+01	-1.511441e+01
3             	-7.021389e+00	-1.148532e+01
4             	-5.730078e+00	-1.049992e+01
5             	-4.158138e+00	-7.644495e+00
6             	-3.018659e+00	-6.057217e+00
7             	-2.331546e+00	-5.269185e+00
8             	-1.951044e+00	-4.801275e+00
9             	-1.608810e+00	-4.329156e+00
10            	-1.050523e+00	-3.673417e+00
11            	-9.503777e-01	-3.535108e+00
12            	-9.762735e-01	-3.562112e+00
13            	-1.156579e+00	-3.792719e+00
14            	-1.189373e+00	-3.840115e+00
15            	-1.220211e+00	-3.890226e+00
16            	-1.257629e+00	-3.942942e+00
17            	-1.289894e+00	-3.985830e+00
18            	-1.329992e+00	-4.038728e+00
19            	-1.365307e+00	-4.097828e+00
20            	-1.407082e+00	-4.155808e+00
21            	-1.436381e+00	-4.203913e+00
22            	-1.459081e+00	-4.238153e+00
23            	-1.488313e+00	-4.273071e+00
24            	-1.518702e+00	-4.309933e+00
25            	-1.547649e+00	-4.344442e+00
26            	-1.568581e+00	-4.367965e+00
27            	-1.580567e+00	-4.381411e+00
28            	-1.588398e+00	-4.391315e+00
29            	-1.593882e+00	-4.398752e+00
30            	-1.596958e+00	-4.402641e+00
31            	-1.599328e+00	-4.405309e+00
32            	-1.603189e+00	-4.410528e+00
33            	-1.610948e+00	-4.420127e+00
34            	-1.622993e+00	-4.435138e+00
35            	-1.662285e+00	-4.484263e+00
36            	-1.666925e+00	-4.489812e+00
37            	-1.677710e+00	-4.503123e+00
38            	-1.687802e+00	-4.515650e+00
39            	-1.700318e+00	-4.531003e+00
40            	-1.710833e+00	-4.544021e+00
41            	-1.725723e+00	-4.562471e+00
42            	-1.736053e+00	-4.575334e+00
43            	-1.750801e+00	-4.593713e+00
44            	-1.763462e+00	-4.609522e+00
45            	-1.778770e+00	-4.628644e+00
46            	-1.793617e+00	-4.647209e+00
47            	-1.807135e+00	-4.664089e+00
48            	-1.826188e+00	-4.687893e+00
49            	-1.846100e+00	-4.712755e+00
50            	-1.859136e+00	-4.729045e+00
51            	-1.877478e+00	-4.751961e+00
52            	-1.893134e+00	-4.771531e+00
53            	-1.914576e+00	-4.798321e+00
54            	-1.928843e+00	-4.816146e+00
55            	-1.944043e+00	-4.835143e+00
56            	-1.954621e+00	-4.848360e+00
57            	-1.969205e+00	-4.866591e+00
58            	-1.976644e+00	-4.875901e+00
59            	-1.986984e+00	-4.888817e+00
60            	-1.991134e+00	-4.893992e+00
61            	-1.995751e+00	-4.899777e+00
62            	-1.995879e+00	-4.899934e+00
63            	-1.999453e+00	-4.904396e+00
64            	-2.001898e+00	-4.907463e+00
65            	-2.008150e+00	-4.915268e+00
66            	-2.014911e+00	-4.923720e+00
67            	-2.021259e+00	-4.931656e+00
68            	-2.022599e+00	-4.933341e+00
69            	-2.019375e+00	-4.929307e+00
70            	-2.011183e+00	-4.919086e+00
71            	-1.999784e+00	-4.904825e+00
72            	-1.989373e+00	-4.891812e+00
73            	-1.982487e+00	-4.883210e+00
74            	-1.972418e+00	-4.870623e+00
75            	-1.961278e+00	-4.856696e+00
76            	-1.942610e+00	-4.833362e+00
77            	-1.927281e+00	-4.814202e+00
78            	-1.908204e+00	-4.790351e+00
79            	-1.895034e+00	-4.773891e+00
80            	-1.878816e+00	-4.753626e+00
81            	-1.867621e+00	-4.739624e+00
82            	-1.854076e+00	-4.722698e+00
83            	-1.842834e+00	-4.708636e+00
84            	-1.828305e+00	-4.690486e+00
85            	-1.811444e+00	-4.669407e+00
86            	-1.795215e+00	-4.649126e+00
87            	-1.781320e+00	-4.631753e+00
88            	-1.767182e+00	-4.614083e+00
89            	-1.758599e+00	-4.603351e+00
90            	-1.745820e+00	-4.587377e+00
91            	-1.740961e+00	-4.581303e+00
92            	-1.729763e+00	-4.567302e+00
93            	-1.723075e+00	-4.558944e+00
94            	-1.710660e+00	-4.543421e+00
95            	-1.701309e+00	-4.531738e+00
96            	-1.689153e+00	-4.516536e+00
97            	-1.680881e+00	-4.506205e+00
98            	-1.667263e+00	-4.489173e+00
99            	-1.662688e+00	-4.483465e+00
100           	-1.648593e+00	-4.465837e+00
101           	-1.644307e+00	-4.460488e+00
102           	-1.632359e+00	-4.445556e+00
103           	-1.623587e+00	-4.434589e+00
104           	-1.612333e+00	-4.420530e+00
105           	-1.602933e+00	-4.408774e+00
106           	-1.591218e+00	-4.394139e+00
107           	-1.581491e+00	-4.381970e+00
108           	-1.571191e+00	-4.369104e+00
109           	-1.563567e+00	-4.359564e+00
110           	-1.555247e+00	-4.349171e+00
111           	-1.549332e+00	-4.341770e+00
112           	-1.542143e+00	-4.332791e+00
113           	-1.535809e+00	-4.324867e+00
114           	-1.523537e+00	-4.309529e+00
115           	-1.510611e+00	-4.293366e+00
116           	-1.498065e+00	-4.277681e+00
117           	-1.493700e+00	-4.272229e+00
118           	-1.478645e+00	-4.253400e+00
119           	-1.474806e+00	-4.248616e+00
120           	-1.460689e+00	-4.230953e+00
121           	-1.457035e+00	-4.226402e+00
122           	-1.444636e+00	-4.210890e+00
123           	-1.439369e+00	-4.204317e+00
124           	-1.429724e+00	-4.192255e+00
125           	-1.422014e+00	-4.182622e+00
126           	-1.409446e+00	-4.166910e+00
127           	-1.402374e+00	-4.158072e+00
128           	-1.393163e+00	-4.146560e+00
129           	-1.387084e+00	-4.138958e+00
130           	-1.380701e+00	-4.130981e+00
131           	-1.377565e+00	-4.127057e+00
132           	-1.372662e+00	-4.120933e+00
133           	-1.369176e+00	-4.116570e+00
134           	-1.363026e+00	-4.108888e+00
135           	-1.358953e+00	-4.103792e+00
136           	-1.352872e+00	-4.096195e+00
137           	-1.348845e+00	-4.091156e+00
138           	-1.342382e+00	-4.083082e+00
139           	-1.337592e+00	-4.077090e+00
140           	-1.330253e+00	-4.067922e+00
141           	-1.324403e+00	-4.060604e+00
142           	-1.315474e+00	-4.049448e+00
143           	-1.308988e+00	-4.041335e+00
144           	-1.301305e+00	-4.031736e+00
145           	-1.296795e+00	-4.026092e+00
146           	-1.290889e+00	-4.018717e+00
147           	-1.287222e+00	-4.014126e+00
148           	-1.282080e+00	-4.007707e+00
149           	-1.279090e+00	-4.003960e+00
150           	-1.274934e+00	-3.998774e+00
151           	-1.272990e+00	-3.996333e+00
152           	-1.269981e+00	-3.992582e+00
153           	-1.269027e+00	-3.991378e+00
154           	-1.266657e+00	-3.988426e+00
155           	-1.265644e+00	-3.987149e+00
156           	-1.263950e+00	-3.985041e+00
157           	-1.265220e+00	-3.986620e+00
158           	-1.265802e+00	-3.987352e+00
159           	-1.268645e+00	-3.990900e+00
160           	-1.270364e+00	-3.993055e+00
161           	-1.274981e+00	-3.998822e+00
162           	-1.274917e+00	-3.998747e+00
163           	-1.279137e+00	-4.004017e+00
164           	-1.279204e+00	-4.004106e+00
165           	-1.284104e+00	-4.010227e+00
166           	-1.283968e+00	-4.010061e+00
167           	-1.288913e+00	-4.016238e+00
168           	-1.288911e+00	-4.016240e+00
169           	-1.292614e+00	-4.020865e+00
170           	-1.292150e+00	-4.020289e+00
171           	-1.295728e+00	-4.024757e+00
172           	-1.296696e+00	-4.025970e+00
173           	-1.300344e+00	-4.030527e+00
174           	-1.301205e+00	-4.031608e+00
175           	-1.306007e+00	-4.037606e+00
176           	-1.308175e+00	-4.040319e+00
177           	-1.312227e+00	-4.045380e+00
178           	-1.314219e+00	-4.047875e+00
179           	-1.318650e+00	-4.053408e+00
180           	-1.320363e+00	-4.055557e+00
181           	-1.323551e+00	-4.059534e+00
182           	-1.324609e+00	-4.060865e+00
183           	-1.327320e+00	-4.064245e+00
184           	-1.328263e+00	-4.065432e+00
185           	-1.331698e+00	-4.069717e+00
186           	-1.333131e+00	-4.071517e+00
187           	-1.336776e+00	-4.076065e+00
188           	-1.338804e+00	-4.078606e+00
189           	-1.342297e+00	-4.082966e+00
190           	-1.343679e+00	-4.084702e+00
191           	-1.346422e+00	-4.088122e+00
192           	-1.347159e+00	-4.089052e+00
193           	-1.349169e+00	-4.091556e+00
194           	-1.350497e+00	-4.093223e+00
195           	-1.353495e+00	-4.096963e+00
196           	-1.355346e+00	-4.099283e+00
197           	-1.359109e+00	-4.103982e+00
198           	-1.360376e+00	-4.105572e+00
199           	-1.363075e+00	-4.108940e+00
200           	-1.364237e+00	-4.110398e+00
201           	-1.365606e+00	-4.112096e+00
202           	-1.366989e+00	-4.113843e+00
203           	-1.370143e+00	-4.117770e+00
204           	-1.372581e+00	-4.120833e+00
205           	-1.376622e+00	-4.125870e+00
206           	-1.378434e+00	-4.128149e+00
207           	-1.380843e+00	-4.131147e+00
208           	-1.381936e+00	-4.132527e+00
209           	-1.383983e+00	-4.135072e+00
210           	-1.385119e+00	-4.136506e+00
211           	-1.386740e+00	-4.138518e+00
212           	-1.388266e+00	-4.140440e+00
213           	-1.390618e+00	-4.143365e+00
214           	-1.392004e+00	-4.145113e+00
215           	-1.395432e+00	-4.149382e+00
216           	-1.397169e+00	-4.151569e+00
217           	-1.400790e+00	-4.156080e+00
218           	-1.402428e+00	-4.158142e+00
219           	-1.405096e+00	-4.161462e+00
220           	-1.408204e+00	-4.165363e+00
221           	-1.411848e+00	-4.169902e+00
222           	-1.412999e+00	-4.171357e+00
223           	-1.415587e+00	-4.174577e+00
224           	-1.418084e+00	-4.177712e+00
225           	-1.420476e+00	-4.180688e+00
226           	-1.421735e+00	-4.182277e+00
227           	-1.423988e+00	-4.185078e+00
228           	-1.425951e+00	-4.187547e+00
229           	-1.428723e+00	-4.190996e+00
230           	-1.429870e+00	-4.192446e+00
231           	-1.432185e+00	-4.195324e+00
232           	-1.434227e+00	-4.197892e+00
233           	-1.435729e+00	-4.199754e+00
234           	-1.436353e+00	-4.200549e+00
235           	-1.437590e+00	-4.202080e+00
236           	-1.438835e+00	-4.203652e+00
237           	-1.441614e+00	-4.207110e+00
238           	-1.443183e+00	-4.209087e+00
239           	-1.444666e+00	-4.210925e+00
240           	-1.445404e+00	-4.211864e+00
241           	-1.447539e+00	-4.214516e+00
242           	-1.451132e+00	-4.219022e+00
243           	-1.452029e+00	-4.220127e+00
244           	-1.452670e+00	-4.220943e+00
245           	-1.453702e+00	-4.222220e+00
246           	-1.455123e+00	-4.224012e+00
247           	-1.456955e+00	-4.226287e+00
248           	-1.457748e+00	-4.227293e+00
249           	-1.458765e+00	-4.228551e+00
250           	-1.458780e+00	-4.228583e+00
251           	-1.459236e+00	-4.229140e+00
252           	-1.459118e+00	-4.229005e+00
253           	-1.459487e+00	-4.229454e+00
254           	-1.459330e+00	-4.229269e+00
255           	-1.459520e+00	-4.229495e+00
256           	-1.459050e+00	-4.228919e+00
257           	-1.459198e+00	-4.229092e+00
258           	-1.459034e+00	-4.228899e+00
259           	-1.459082e+00	-4.228949e+00
260           	-1.458759e+00	-4.228556e+00
261           	-1.458916e+00	-4.228741e+00
262           	-1.458781e+00	-4.228583e+00
263           	-1.459033e+00	-4.228887e+00
264           	-1.458981e+00	-4.228833e+00
265           	-1.459205e+00	-4.229103e+00
266           	-1.459120e+00	-4.229008e+00
267           	-1.459444e+00	-4.229402e+00
268           	-1.459500e+00	-4.229481e+00
269           	-1.460021e+00	-4.230124e+00
270           	-1.460451e+00	-4.230672e+00
271           	-1.461540e+00	-4.232021e+00
272           	-1.462260e+00	-4.232932e+00
273           	-1.463650e+00	-4.234659e+00
274           	-1.464389e+00	-4.235594e+00
275           	-1.465678e+00	-4.237193e+00
276           	-1.466115e+00	-4.237750e+00
277           	-1.467171e+00	-4.239061e+00
278           	-1.467599e+00	-4.239606e+00
279           	-1.468303e+00	-4.240477e+00
280           	-1.468485e+00	-4.240713e+00
281           	-1.469135e+00	-4.241516e+00
282           	-1.469173e+00	-4.241574e+00
283           	-1.469591e+00	-4.242087e+00
284           	-1.469626e+00	-4.242140e+00
285           	-1.469898e+00	-4.242470e+00
286           	-1.469811e+00	-4.242371e+00
287           	-1.470076e+00	-4.242692e+00
288           	-1.469812e+00	-4.242372e+00
289           	-1.469809e+00	-4.242356e+00
290           	-1.468872e+00	-4.241197e+00
291           	-1.468597e+00	-4.240842e+00
292           	-1.467687e+00	-4.239716e+00
293           	-1.467066e+00	-4.238929e+00
294           	-1.466390e+00	-4.238094e+00
295           	-1.466240e+00	-4.237900e+00
296           	-1.465964e+00	-4.237562e+00
297           	-1.466012e+00	-4.237613e+00
298           	-1.465966e+00	-4.237564e+00
299           	-1.466358e+00	-4.238046e+00
300           	-1.466545e+00	-4.238288e+00
301           	-1.467271e+00	-4.239187e+00
302           	-1.468083e+00	-4.240210e+00
303           	-1.469069e+00	-4.241433e+00
304           	-1.469570e+00	-4.242068e+00
305           	-1.470165e+00	-4.242805e+00
306           	-1.470501e+00	-4.243232e+00
307           	-1.471003e+00	-4.243853e+00
308           	-1.471417e+00	-4.244378e+00
309           	-1.472256e+00	-4.245417e+00
310           	-1.472493e+00	-4.245723e+00
311           	-1.472956e+00	-4.246295e+00
312           	-1.473045e+00	-4.246413e+00
313           	-1.473637e+00	-4.247145e+00
314           	-1.473911e+00	-4.247495e+00
315           	-1.474220e+00	-4.247874e+00
316           	-1.474333e+00	-4.248021e+00
317           	-1.474625e+00	-4.248381e+00
318           	-1.474776e+00	-4.248577e+00
319           	-1.475207e+00	-4.249108e+00
320           	-1.475344e+00	-4.249286e+00
321           	-1.475836e+00	-4.249894e+00
322           	-1.476226e+00	-4.250390e+00
323           	-1.476958e+00	-4.251296e+00
324           	-1.477400e+00	-4.251856e+00
325           	-1.478355e+00	-4.253041e+00
326           	-1.478837e+00	-4.253653e+00
327           	-1.479802e+00	-4.254850e+00
328           	-1.480007e+00	-4.255114e+00
329           	-1.480553e+00	-4.255791e+00
330           	-1.480715e+00	-4.256000e+00
331           	-1.481277e+00	-4.256694e+00
332           	-1.481418e+00	-4.256878e+00
333           	-1.481738e+00	-4.257273e+00
334           	-1.481702e+00	-4.257234e+00
335           	-1.481940e+00	-4.257525e+00
336           	-1.481984e+00	-4.257586e+00
337           	-1.482562e+00	-4.258300e+00
338           	-1.482783e+00	-4.258586e+00
339           	-1.483520e+00	-4.259498e+00
340           	-1.483810e+00	-4.259868e+00
341           	-1.484429e+00	-4.260635e+00
342           	-1.484857e+00	-4.261177e+00
343           	-1.485699e+00	-4.262221e+00
344           	-1.486056e+00	-4.262675e+00
345           	-1.486547e+00	-4.263283e+00
346           	-1.486761e+00	-4.263558e+00
347           	-1.487034e+00	-4.263893e+00
348           	-1.487034e+00	-4.263899e+00
349           	-1.487257e+00	-4.264171e+00
350           	-1.487214e+00	-4.264125e+00
351           	-1.487450e+00	-4.264414e+00
352           	-1.487257e+00	-4.264180e+00
353           	-1.487306e+00	-4.264237e+00
354           	-1.487175e+00	-4.264076e+00
355           	-1.487306e+00	-4.264233e+00
356           	-1.487195e+00	-4.264099e+00
357           	-1.487309e+00	-4.264237e+00
358           	-1.487147e+00	-4.264040e+00
359           	-1.487274e+00	-4.264193e+00
360           	-1.487122e+00	-4.264006e+00
361           	-1.487205e+00	-4.264105e+00
362           	-1.486920e+00	-4.263753e+00
363           	-1.486810e+00	-4.263609e+00
364           	-1.486231e+00	-4.262893e+00
365           	-1.485980e+00	-4.262572e+00
366           	-1.485391e+00	-4.261842e+00
367           	-1.485183e+00	-4.261577e+00
368           	-1.484634e+00	-4.260899e+00
369           	-1.484438e+00	-4.260649e+00
370           	-1.483978e+00	-4.260080e+00
371           	-1.483858e+00	-4.259923e+00
372           	-1.483523e+00	-4.259510e+00
373           	-1.483484e+00	-4.259455e+00
374           	-1.483200e+00	-4.259105e+00
375           	-1.483176e+00	-4.259068e+00
376           	-1.482832e+00	-4.258645e+00
377           	-1.482773e+00	-4.258565e+00
378           	-1.482391e+00	-4.258094e+00
379           	-1.482323e+00	-4.258002e+00
380           	-1.481976e+00	-4.257575e+00
381           	-1.481932e+00	-4.257514e+00
382           	-1.481677e+00	-4.257202e+00
383           	-1.481668e+00	-4.257185e+00
384           	-1.481478e+00	-4.256954e+00
385           	-1.481501e+00	-4.256977e+00
386           	-1.481352e+00	-4.256796e+00
387           	-1.481407e+00	-4.256860e+00
388           	-1.481295e+00	-4.256725e+00
389           	-1.481373e+00	-4.256817e+00
390           	-1.481285e+00	-4.256713e+00
391           	-1.481379e+00	-4.256825e+00
392           	-1.481305e+00	-4.256737e+00
393           	-1.481411e+00	-4.256864e+00
394           	-1.481341e+00	-4.256782e+00
395           	-1.481442e+00	-4.256903e+00
396           	-1.481368e+00	-4.256815e+00
397           	-1.481456e+00	-4.256921e+00
398           	-1.481354e+00	-4.256798e+00
399           	-1.481420e+00	-4.256876e+00
400           	-1.481283e+00	-4.256710e+00
401           	-1.481320e+00	-4.256751e+00
402           	-1.481136e+00	-4.256526e+00
403           	-1.481150e+00	-4.256538e+00
404           	-1.480943e+00	-4.256285e+00
405           	-1.480948e+00	-4.256286e+00
406           	-1.480743e+00	-4.256035e+00
407           	-1.480754e+00	-4.256044e+00
408           	-1.480567e+00	-4.255815e+00
409           	-1.480598e+00	-4.255848e+00
410           	-1.480444e+00	-4.255661e+00
411           	-1.480493e+00	-4.255717e+00
412           	-1.480371e+00	-4.255570e+00
413           	-1.480437e+00	-4.255647e+00
414           	-1.480333e+00	-4.255522e+00
415           	-1.480413e+00	-4.255617e+00
416           	-1.480320e+00	-4.255506e+00
417           	-1.480400e+00	-4.255600e+00
418           	-1.480286e+00	-4.255464e+00
419           	-1.480348e+00	-4.255535e+00
420           	-1.480186e+00	-4.255339e+00
421           	-1.480212e+00	-4.255365e+00
422           	-1.479982e+00	-4.255084e+00
423           	-1.479980e+00	-4.255076e+00
424           	-1.479730e+00	-4.254769e+00
425           	-1.479720e+00	-4.254751e+00
426           	-1.479483e+00	-4.254461e+00
427           	-1.479489e+00	-4.254462e+00
428           	-1.479294e+00	-4.254224e+00
429           	-1.479325e+00	-4.254257e+00
430           	-1.479172e+00	-4.254072e+00
431           	-1.479229e+00	-4.254137e+00
432           	-1.479117e+00	-4.254003e+00
433           	-1.479190e+00	-4.254089e+00
434           	-1.479100e+00	-4.253981e+00
435           	-1.479190e+00	-4.254088e+00
436           	-1.479112e+00	-4.253996e+00
437           	-1.479207e+00	-4.254110e+00
438           	-1.479127e+00	-4.254015e+00
439           	-1.479218e+00	-4.254123e+00
440           	-1.479131e+00	-4.254019e+00
441           	-1.479211e+00	-4.254114e+00
442           	-1.479101e+00	-4.253982e+00
443           	-1.479167e+00	-4.254059e+00
444           	-1.479040e+00	-4.253906e+00
445           	-1.479091e+00	-4.253964e+00
446           	-1.478945e+00	-4.253787e+00
447           	-1.478987e+00	-4.253835e+00
448           	-1.478835e+00	-4.253650e+00
449           	-1.478878e+00	-4.253699e+00
450           	-1.478729e+00	-4.253518e+00
451           	-1.478777e+00	-4.253572e+00
452           	-1.478647e+00	-4.253414e+00
453           	-1.478702e+00	-4.253478e+00
454           	-1.478585e+00	-4.253337e+00
455           	-1.478653e+00	-4.253417e+00
456           	-1.478551e+00	-4.253294e+00
457           	-1.478628e+00	-4.253385e+00
458           	-1.478535e+00	-4.253276e+00
459           	-1.478617e+00	-4.253373e+00
460           	-1.478533e+00	-4.253272e+00
461           	-1.478620e+00	-4.253376e+00
462           	-1.478532e+00	-4.253271e+00
463           	-1.478622e+00	-4.253378e+00
464           	-1.478538e+00	-4.253279e+00
465           	-1.478623e+00	-4.253380e+00
466           	-1.478536e+00	-4.253276e+00
467           	-1.478622e+00	-4.253378e+00
468           	-1.478533e+00	-4.253272e+00
469           	-1.478614e+00	-4.253368e+00
470           	-1.478520e+00	-4.253257e+00
471           	-1.478599e+00	-4.253350e+00
472           	-1.478507e+00	-4.253240e+00
473           	-1.478584e+00	-4.253331e+00
474           	-1.478486e+00	-4.253214e+00
475           	-1.478563e+00	-4.253305e+00
476           	-1.478469e+00	-4.253193e+00
477           	-1.478547e+00	-4.253284e+00
478           	-1.478448e+00	-4.253166e+00
479           	-1.478526e+00	-4.253259e+00
480           	-1.478436e+00	-4.253151e+00
481           	-1.478514e+00	-4.253244e+00
482           	-1.478421e+00	-4.253132e+00
483           	-1.478503e+00	-4.253230e+00
484           	-1.478415e+00	-4.253125e+00
485           	-1.478500e+00	-4.253226e+00
486           	-1.478411e+00	-4.253121e+00
487           	-1.478499e+00	-4.253225e+00
488           	-1.478418e+00	-4.253129e+00
489           	-1.478505e+00	-4.253233e+00
490           	-1.478422e+00	-4.253134e+00
491           	-1.478511e+00	-4.253240e+00
492           	-1.478433e+00	-4.253147e+00
493           	-1.478522e+00	-4.253254e+00
494           	-1.478438e+00	-4.253154e+00
495           	-1.478528e+00	-4.253260e+00
496           	-1.478446e+00	-4.253163e+00
497           	-1.478534e+00	-4.253268e+00
498           	-1.478447e+00	-4.253165e+00
499           	-1.478533e+00	-4.253267e+00
500           	-1.478449e+00	-4.253168e+00
