# Region type : functionObjectSurface sampled.plane2
# Faces       : 1600
# Area        : 5.000000e-03
# Scale factor: 1.000000e+00
# Time        	uniformity(U)	uniformity(p)
1             	9.769285e-01	9.986459e-01
2             	9.774246e-01	9.965405e-01
3             	9.771785e-01	9.927703e-01
4             	9.767532e-01	9.878512e-01
5             	9.763972e-01	9.810635e-01
6             	9.758430e-01	9.738337e-01
7             	9.747477e-01	9.717102e-01
8             	9.731100e-01	9.733636e-01
9             	9.709480e-01	9.738164e-01
10            	9.682646e-01	9.514689e-01
11            	9.651437e-01	9.521102e-01
12            	9.617634e-01	9.473868e-01
13            	9.577540e-01	9.471255e-01
14            	9.533818e-01	9.445758e-01
15            	9.487652e-01	9.394897e-01
16            	9.440676e-01	9.348560e-01
17            	9.392732e-01	9.318464e-01
18            	9.345020e-01	9.284393e-01
19            	9.297872e-01	9.246732e-01
20            	9.251561e-01	9.191312e-01
21            	9.206345e-01	9.142131e-01
22            	9.162281e-01	9.076690e-01
23            	9.120039e-01	9.004930e-01
24            	9.079941e-01	8.940599e-01
25            	9.041740e-01	8.884887e-01
26            	9.005901e-01	8.833402e-01
27            	8.972331e-01	8.781909e-01
28            	8.940749e-01	8.702967e-01
29            	8.911058e-01	8.627392e-01
30            	8.882966e-01	8.548229e-01
31            	8.856457e-01	8.474890e-01
32            	8.831195e-01	8.389047e-01
33            	8.807043e-01	8.306781e-01
34            	8.783834e-01	8.217275e-01
35            	8.761791e-01	8.170538e-01
36            	8.740271e-01	8.109209e-01
37            	8.719481e-01	8.028171e-01
38            	8.699212e-01	7.945606e-01
39            	8.679688e-01	7.854708e-01
40            	8.660750e-01	7.759035e-01
41            	8.642221e-01	7.648064e-01
42            	8.623855e-01	7.530203e-01
43            	8.605830e-01	7.397754e-01
44            	8.588027e-01	7.249562e-01
45            	8.570483e-01	7.077254e-01
46            	8.552702e-01	6.866005e-01
47            	8.535055e-01	6.628052e-01
48            	8.517395e-01	6.337760e-01
49            	8.499708e-01	5.999851e-01
50            	8.482260e-01	5.577244e-01
51            	8.464801e-01	4.964410e-01
52            	8.447330e-01	4.292472e-01
53            	8.429578e-01	3.483676e-01
54            	8.411531e-01	2.480014e-01
55            	8.393134e-01	1.075252e-01
56            	8.374350e-01	0.000000e+00
57            	8.355168e-01	0.000000e+00
58            	8.335489e-01	0.000000e+00
59            	8.315540e-01	0.000000e+00
60            	8.295327e-01	0.000000e+00
61            	8.274885e-01	0.000000e+00
62            	8.254446e-01	0.000000e+00
63            	8.233506e-01	0.000000e+00
64            	8.212111e-01	0.000000e+00
65            	8.190212e-01	1.356514e-01
66            	8.167803e-01	2.640619e-01
67            	8.145090e-01	3.516975e-01
68            	8.122345e-01	4.194329e-01
69            	8.099485e-01	4.883162e-01
70            	8.076479e-01	5.393851e-01
71            	8.052960e-01	5.898229e-01
72            	8.029002e-01	6.199024e-01
73            	8.004684e-01	6.472372e-01
74            	7.979968e-01	6.729193e-01
75            	7.955064e-01	6.944836e-01
76            	7.929953e-01	7.134969e-01
77            	7.904667e-01	7.270047e-01
78            	7.879124e-01	7.390148e-01
79            	7.853391e-01	7.485382e-01
80            	7.827035e-01	7.573079e-01
81            	7.800083e-01	7.638005e-01
82            	7.772545e-01	7.700872e-01
83            	7.743507e-01	7.756194e-01
84            	7.713022e-01	7.797675e-01
85            	7.681094e-01	7.847322e-01
86            	7.647921e-01	7.869022e-01
87            	7.613122e-01	7.892994e-01
88            	7.576347e-01	7.904787e-01
89            	7.537955e-01	7.911615e-01
90            	7.498096e-01	7.921566e-01
91            	7.458005e-01	7.921322e-01
92            	7.418192e-01	7.931201e-01
93            	7.381086e-01	7.939820e-01
94            	7.347391e-01	7.957683e-01
95            	7.317453e-01	7.979919e-01
96            	7.288598e-01	8.006166e-01
97            	7.263700e-01	8.037367e-01
98            	7.245082e-01	8.075158e-01
99            	7.233575e-01	8.109367e-01
100           	7.227963e-01	8.154214e-01
101           	7.226982e-01	8.192013e-01
102           	7.231439e-01	8.234396e-01
103           	7.237991e-01	8.273487e-01
104           	7.247312e-01	8.311143e-01
105           	7.259351e-01	8.345191e-01
106           	7.273164e-01	8.376291e-01
107           	7.288010e-01	8.402065e-01
108           	7.304792e-01	8.422118e-01
109           	7.322987e-01	8.433687e-01
110           	7.341511e-01	8.437136e-01
111           	7.359816e-01	8.433393e-01
112           	7.376758e-01	8.423818e-01
113           	7.393348e-01	8.410177e-01
114           	7.409017e-01	8.399789e-01
115           	7.425321e-01	8.398580e-01
116           	7.442351e-01	8.392278e-01
117           	7.458275e-01	8.376489e-01
118           	7.472824e-01	8.370514e-01
119           	7.487660e-01	8.354029e-01
120           	7.503543e-01	8.349659e-01
121           	7.520177e-01	8.336870e-01
122           	7.536450e-01	8.333493e-01
123           	7.553328e-01	8.328977e-01
124           	7.570494e-01	8.324339e-01
125           	7.587544e-01	8.328145e-01
126           	7.605171e-01	8.336676e-01
127           	7.623034e-01	8.343568e-01
128           	7.641067e-01	8.344574e-01
129           	7.659473e-01	8.347230e-01
130           	7.678201e-01	8.345762e-01
131           	7.697217e-01	8.343961e-01
132           	7.716688e-01	8.340941e-01
133           	7.736372e-01	8.339393e-01
134           	7.756315e-01	8.338840e-01
135           	7.776292e-01	8.339608e-01
136           	7.796554e-01	8.340881e-01
137           	7.816782e-01	8.342176e-01
138           	7.837079e-01	8.345281e-01
139           	7.857321e-01	8.353865e-01
140           	7.877314e-01	8.363758e-01
141           	7.897348e-01	8.376681e-01
142           	7.917007e-01	8.392355e-01
143           	7.936172e-01	8.406925e-01
144           	7.955237e-01	8.419097e-01
145           	7.973889e-01	8.429630e-01
146           	7.991749e-01	8.435855e-01
147           	8.009114e-01	8.441873e-01
148           	8.026052e-01	8.444807e-01
149           	8.042478e-01	8.446733e-01
150           	8.057955e-01	8.446825e-01
151           	8.072976e-01	8.444763e-01
152           	8.087140e-01	8.440961e-01
153           	8.100784e-01	8.435583e-01
154           	8.113719e-01	8.428124e-01
155           	8.126136e-01	8.420685e-01
156           	8.137820e-01	8.410645e-01
157           	8.148844e-01	8.395712e-01
158           	8.159245e-01	8.377745e-01
159           	8.169093e-01	8.356463e-01
160           	8.178393e-01	8.331691e-01
161           	8.187073e-01	8.299425e-01
162           	8.195312e-01	8.283561e-01
163           	8.202969e-01	8.249924e-01
164           	8.210270e-01	8.231108e-01
165           	8.217101e-01	8.192525e-01
166           	8.223541e-01	8.176831e-01
167           	8.229537e-01	8.138269e-01
168           	8.235191e-01	8.120676e-01
169           	8.240451e-01	8.089649e-01
170           	8.245394e-01	8.073783e-01
171           	8.249953e-01	8.041407e-01
172           	8.254237e-01	8.015293e-01
173           	8.258200e-01	7.984778e-01
174           	8.261882e-01	7.959024e-01
175           	8.265241e-01	7.917821e-01
176           	8.268368e-01	7.881651e-01
177           	8.271211e-01	7.847506e-01
178           	8.273802e-01	7.812582e-01
179           	8.276136e-01	7.774317e-01
180           	8.278266e-01	7.743222e-01
181           	8.280136e-01	7.713874e-01
182           	8.281793e-01	7.688107e-01
183           	8.283225e-01	7.661342e-01
184           	8.284491e-01	7.637612e-01
185           	8.285564e-01	7.606881e-01
186           	8.286487e-01	7.579074e-01
187           	8.287235e-01	7.546136e-01
188           	8.287851e-01	7.510329e-01
189           	8.288338e-01	7.479653e-01
190           	8.288707e-01	7.452041e-01
191           	8.288954e-01	7.428595e-01
192           	8.289099e-01	7.407948e-01
193           	8.289148e-01	7.392257e-01
194           	8.289100e-01	7.364377e-01
195           	8.288985e-01	7.338526e-01
196           	8.288796e-01	7.304473e-01
197           	8.288557e-01	7.271233e-01
198           	8.288268e-01	7.242588e-01
199           	8.287928e-01	7.220978e-01
200           	8.287545e-01	7.193586e-01
201           	8.287165e-01	7.183640e-01
202           	8.286695e-01	7.163333e-01
203           	8.286187e-01	7.127039e-01
204           	8.285687e-01	7.088734e-01
205           	8.285178e-01	7.041618e-01
206           	8.284661e-01	7.013703e-01
207           	8.284132e-01	6.987766e-01
208           	8.283586e-01	6.969887e-01
209           	8.283032e-01	6.947230e-01
210           	8.282467e-01	6.926252e-01
211           	8.281909e-01	6.907565e-01
212           	8.281347e-01	6.881007e-01
213           	8.280792e-01	6.853739e-01
214           	8.280237e-01	6.828487e-01
215           	8.279702e-01	6.784793e-01
216           	8.279161e-01	6.751507e-01
217           	8.278641e-01	6.703140e-01
218           	8.278116e-01	6.668776e-01
219           	8.277618e-01	6.633049e-01
220           	8.277113e-01	6.568967e-01
221           	8.276629e-01	6.517585e-01
222           	8.276150e-01	6.489162e-01
223           	8.275699e-01	6.450855e-01
224           	8.275235e-01	6.390483e-01
225           	8.274795e-01	6.356245e-01
226           	8.274374e-01	6.325540e-01
227           	8.273971e-01	6.292676e-01
228           	8.273563e-01	6.239246e-01
229           	8.273184e-01	6.194454e-01
230           	8.272811e-01	6.159912e-01
231           	8.272467e-01	6.121283e-01
232           	8.272116e-01	6.058959e-01
233           	8.271787e-01	6.036987e-01
234           	8.271481e-01	6.018474e-01
235           	8.271188e-01	6.002604e-01
236           	8.270887e-01	5.959659e-01
237           	8.270613e-01	5.905523e-01
238           	8.270344e-01	5.849773e-01
239           	8.270099e-01	5.824674e-01
240           	8.269865e-01	5.798420e-01
241           	8.269638e-01	5.758336e-01
242           	8.269413e-01	5.630198e-01
243           	8.269196e-01	5.618672e-01
244           	8.269008e-01	5.601535e-01
245           	8.268830e-01	5.589010e-01
246           	8.268641e-01	5.532083e-01
247           	8.268471e-01	5.489712e-01
248           	8.268308e-01	5.452771e-01
249           	8.268161e-01	5.432055e-01
250           	8.268013e-01	5.425023e-01
251           	8.267879e-01	5.419813e-01
252           	8.267746e-01	5.418980e-01
253           	8.267623e-01	5.417068e-01
254           	8.267500e-01	5.417118e-01
255           	8.267389e-01	5.420740e-01
256           	8.267274e-01	5.428893e-01
257           	8.267174e-01	5.433306e-01
258           	8.267070e-01	5.431306e-01
259           	8.266981e-01	5.436991e-01
260           	8.266891e-01	5.441749e-01
261           	8.266813e-01	5.445992e-01
262           	8.266733e-01	5.445506e-01
263           	8.266662e-01	5.446997e-01
264           	8.266587e-01	5.443586e-01
265           	8.266523e-01	5.442025e-01
266           	8.266459e-01	5.438702e-01
267           	8.266402e-01	5.435719e-01
268           	8.266343e-01	5.428421e-01
269           	8.266291e-01	5.418089e-01
270           	8.266239e-01	5.395817e-01
271           	8.266192e-01	5.370773e-01
272           	8.266143e-01	5.335970e-01
273           	8.266102e-01	5.298526e-01
274           	8.266062e-01	5.263435e-01
275           	8.266030e-01	5.228718e-01
276           	8.265998e-01	5.207274e-01
277           	8.265973e-01	5.179632e-01
278           	8.265945e-01	5.156806e-01
279           	8.265922e-01	5.137876e-01
280           	8.265898e-01	5.124628e-01
281           	8.265877e-01	5.108559e-01
282           	8.265853e-01	5.100407e-01
283           	8.265834e-01	5.089652e-01
284           	8.265814e-01	5.081583e-01
285           	8.265797e-01	5.077622e-01
286           	8.265779e-01	5.074444e-01
287           	8.265763e-01	5.072371e-01
288           	8.265746e-01	5.075071e-01
289           	8.265733e-01	5.085159e-01
290           	8.265720e-01	5.109614e-01
291           	8.265713e-01	5.131965e-01
292           	8.265703e-01	5.156797e-01
293           	8.265697e-01	5.189734e-01
294           	8.265687e-01	5.206571e-01
295           	8.265680e-01	5.216034e-01
296           	8.265670e-01	5.219606e-01
297           	8.265663e-01	5.223288e-01
298           	8.265652e-01	5.219044e-01
299           	8.265643e-01	5.210493e-01
300           	8.265630e-01	5.195346e-01
301           	8.265621e-01	5.176199e-01
302           	8.265611e-01	5.136287e-01
303           	8.265606e-01	5.109145e-01
304           	8.265601e-01	5.084744e-01
305           	8.265601e-01	5.069717e-01
306           	8.265599e-01	5.052120e-01
307           	8.265602e-01	5.040870e-01
308           	8.265601e-01	5.018428e-01
309           	8.265603e-01	4.997160e-01
310           	8.265600e-01	4.978601e-01
311           	8.265599e-01	4.963969e-01
312           	8.265595e-01	4.952171e-01
313           	8.265595e-01	4.935063e-01
314           	8.265591e-01	4.915609e-01
315           	8.265591e-01	4.908046e-01
316           	8.265588e-01	4.898428e-01
317           	8.265589e-01	4.892425e-01
318           	8.265587e-01	4.881275e-01
319           	8.265589e-01	4.871852e-01
320           	8.265587e-01	4.860659e-01
321           	8.265589e-01	4.848472e-01
322           	8.265587e-01	4.822731e-01
323           	8.265589e-01	4.799631e-01
324           	8.265587e-01	4.770921e-01
325           	8.265588e-01	4.741469e-01
326           	8.265587e-01	4.708026e-01
327           	8.265589e-01	4.675031e-01
328           	8.265588e-01	4.657698e-01
329           	8.265590e-01	4.639998e-01
330           	8.265590e-01	4.624826e-01
331           	8.265592e-01	4.608525e-01
332           	8.265592e-01	4.595138e-01
333           	8.265595e-01	4.585200e-01
334           	8.265594e-01	4.580751e-01
335           	8.265597e-01	4.576002e-01
336           	8.265596e-01	4.567009e-01
337           	8.265598e-01	4.552225e-01
338           	8.265597e-01	4.531750e-01
339           	8.265599e-01	4.505304e-01
340           	8.265598e-01	4.481669e-01
341           	8.265599e-01	4.459983e-01
342           	8.265597e-01	4.429833e-01
343           	8.265600e-01	4.402373e-01
344           	8.265599e-01	4.376276e-01
345           	8.265602e-01	4.359741e-01
346           	8.265602e-01	4.341950e-01
347           	8.265605e-01	4.334120e-01
348           	8.265606e-01	4.327937e-01
349           	8.265609e-01	4.323552e-01
350           	8.265609e-01	4.318242e-01
351           	8.265613e-01	4.308128e-01
352           	8.265613e-01	4.302719e-01
353           	8.265616e-01	4.297707e-01
354           	8.265616e-01	4.294291e-01
355           	8.265618e-01	4.292210e-01
356           	8.265616e-01	4.289243e-01
357           	8.265617e-01	4.289067e-01
358           	8.265615e-01	4.288582e-01
359           	8.265616e-01	4.290602e-01
360           	8.265615e-01	4.294908e-01
361           	8.265619e-01	4.305720e-01
362           	8.265620e-01	4.323565e-01
363           	8.265626e-01	4.349926e-01
364           	8.265628e-01	4.376566e-01
365           	8.265633e-01	4.403594e-01
366           	8.265634e-01	4.427915e-01
367           	8.265637e-01	4.443951e-01
368           	8.265635e-01	4.459049e-01
369           	8.265637e-01	4.467968e-01
370           	8.265634e-01	4.477318e-01
371           	8.265635e-01	4.484076e-01
372           	8.265633e-01	4.491789e-01
373           	8.265634e-01	4.498327e-01
374           	8.265632e-01	4.507155e-01
375           	8.265633e-01	4.516316e-01
376           	8.265632e-01	4.529494e-01
377           	8.265635e-01	4.541038e-01
378           	8.265635e-01	4.554980e-01
379           	8.265638e-01	4.564840e-01
380           	8.265638e-01	4.575709e-01
381           	8.265642e-01	4.582319e-01
382           	8.265641e-01	4.588293e-01
383           	8.265643e-01	4.592540e-01
384           	8.265640e-01	4.595841e-01
385           	8.265641e-01	4.598366e-01
386           	8.265637e-01	4.599849e-01
387           	8.265636e-01	4.601215e-01
388           	8.265632e-01	4.601486e-01
389           	8.265631e-01	4.602042e-01
390           	8.265626e-01	4.601591e-01
391           	8.265626e-01	4.601695e-01
392           	8.265622e-01	4.600943e-01
393           	8.265622e-01	4.600924e-01
394           	8.265619e-01	4.600127e-01
395           	8.265619e-01	4.600362e-01
396           	8.265616e-01	4.599917e-01
397           	8.265617e-01	4.600599e-01
398           	8.265615e-01	4.601033e-01
399           	8.265616e-01	4.602570e-01
400           	8.265613e-01	4.604473e-01
401           	8.265614e-01	4.607078e-01
402           	8.265611e-01	4.610443e-01
403           	8.265612e-01	4.613979e-01
404           	8.265609e-01	4.618246e-01
405           	8.265609e-01	4.621985e-01
406           	8.265606e-01	4.626129e-01
407           	8.265607e-01	4.629594e-01
408           	8.265604e-01	4.633044e-01
409           	8.265605e-01	4.635842e-01
410           	8.265603e-01	4.637880e-01
411           	8.265605e-01	4.639780e-01
412           	8.265604e-01	4.640707e-01
413           	8.265606e-01	4.641901e-01
414           	8.265606e-01	4.642090e-01
415           	8.265610e-01	4.642874e-01
416           	8.265612e-01	4.642899e-01
417           	8.265617e-01	4.643926e-01
418           	8.265621e-01	4.644839e-01
419           	8.265628e-01	4.647046e-01
420           	8.265633e-01	4.650323e-01
421           	8.265641e-01	4.654389e-01
422           	8.265647e-01	4.660297e-01
423           	8.265656e-01	4.665529e-01
424           	8.265663e-01	4.672300e-01
425           	8.265672e-01	4.677470e-01
426           	8.265677e-01	4.683376e-01
427           	8.265686e-01	4.687509e-01
428           	8.265690e-01	4.691529e-01
429           	8.265698e-01	4.694393e-01
430           	8.265700e-01	4.696502e-01
431           	8.265706e-01	4.698246e-01
432           	8.265707e-01	4.698932e-01
433           	8.265711e-01	4.699895e-01
434           	8.265711e-01	4.699718e-01
435           	8.265713e-01	4.700248e-01
436           	8.265711e-01	4.699813e-01
437           	8.265712e-01	4.700302e-01
438           	8.265709e-01	4.700028e-01
439           	8.265709e-01	4.700795e-01
440           	8.265704e-01	4.701023e-01
441           	8.265702e-01	4.702262e-01
442           	8.265696e-01	4.703169e-01
443           	8.265693e-01	4.704910e-01
444           	8.265686e-01	4.706529e-01
445           	8.265682e-01	4.708679e-01
446           	8.265673e-01	4.710764e-01
447           	8.265668e-01	4.713097e-01
448           	8.265659e-01	4.715295e-01
449           	8.265654e-01	4.717571e-01
450           	8.265645e-01	4.719469e-01
451           	8.265641e-01	4.721470e-01
452           	8.265632e-01	4.722866e-01
453           	8.265628e-01	4.724504e-01
454           	8.265621e-01	4.725315e-01
455           	8.265619e-01	4.726579e-01
456           	8.265613e-01	4.726906e-01
457           	8.265611e-01	4.727840e-01
458           	8.265607e-01	4.727762e-01
459           	8.265606e-01	4.728436e-01
460           	8.265602e-01	4.728170e-01
461           	8.265603e-01	4.728667e-01
462           	8.265600e-01	4.728288e-01
463           	8.265600e-01	4.728705e-01
464           	8.265597e-01	4.728235e-01
465           	8.265598e-01	4.728654e-01
466           	8.265595e-01	4.728219e-01
467           	8.265596e-01	4.728665e-01
468           	8.265592e-01	4.728358e-01
469           	8.265592e-01	4.728937e-01
470           	8.265589e-01	4.728723e-01
471           	8.265589e-01	4.729403e-01
472           	8.265585e-01	4.729278e-01
473           	8.265585e-01	4.730041e-01
474           	8.265581e-01	4.729968e-01
475           	8.265580e-01	4.730771e-01
476           	8.265576e-01	4.730722e-01
477           	8.265576e-01	4.731522e-01
478           	8.265572e-01	4.731445e-01
479           	8.265572e-01	4.732194e-01
480           	8.265569e-01	4.732064e-01
481           	8.265569e-01	4.732729e-01
482           	8.265566e-01	4.732512e-01
483           	8.265567e-01	4.733036e-01
484           	8.265564e-01	4.732687e-01
485           	8.265565e-01	4.733132e-01
486           	8.265564e-01	4.732660e-01
487           	8.265565e-01	4.733017e-01
488           	8.265564e-01	4.732453e-01
489           	8.265566e-01	4.732757e-01
490           	8.265566e-01	4.732126e-01
491           	8.265568e-01	4.732398e-01
492           	8.265568e-01	4.731749e-01
493           	8.265571e-01	4.732019e-01
494           	8.265570e-01	4.731378e-01
495           	8.265574e-01	4.731668e-01
496           	8.265574e-01	4.731079e-01
497           	8.265577e-01	4.731409e-01
498           	8.265577e-01	4.730884e-01
499           	8.265581e-01	4.731301e-01
500           	8.265581e-01	4.730852e-01
