# Force and moment coefficients
# dragDir       : (1.00000000e+00 0.00000000e+00 0.00000000e+00)
# sideDir       : (0.00000000e+00 0.00000000e+00 -1.00000000e+00)
# liftDir       : (0.00000000e+00 1.00000000e+00 0.00000000e+00)
# rollAxis      : (1.00000000e+00 0.00000000e+00 0.00000000e+00)
# pitchAxis     : (0.00000000e+00 0.00000000e+00 -1.00000000e+00)
# yawAxis       : (0.00000000e+00 1.00000000e+00 0.00000000e+00)
# magUInf       : 6.94400000e+01
# lRef          : 9.00000000e-01
# Aref          : 1.00000000e-01
# CofR          : (7.50000000e-01 0.00000000e+00 0.00000000e+00)
#
# Time          	Cd              	Cd(f)           	Cd(r)           	Cl              	Cl(f)           	Cl(r)           	CmPitch         	CmRoll          	CmYaw           	Cs              	Cs(f)           	Cs(r)           
100             	1.36551590e-01	6.82757952e-02	6.82757952e-02	8.43192991e-01	1.65653221e-01	6.77539771e-01	-2.55943275e-01	-9.78166585e-23	1.46438468e-22	2.32767052e-21	1.31027373e-21	1.01739679e-21
200             	1.24892800e-01	6.24464000e-02	6.24464000e-02	6.71510612e-01	2.31125951e-01	4.40384661e-01	-1.04629355e-01	-9.72525677e-23	-1.32655471e-22	1.54659051e-21	6.40639786e-22	9.05950727e-22
300             	1.28160973e-01	6.40804863e-02	6.40804863e-02	6.75956922e-01	2.76027094e-01	3.99929828e-01	-6.19513666e-02	-1.04546973e-22	-5.35803248e-23	1.93049613e-21	9.11667740e-22	1.01882839e-21
400             	1.20800082e-01	6.04000408e-02	6.04000408e-02	6.96577160e-01	2.87754663e-01	4.08822498e-01	-6.05339176e-02	-1.05638270e-22	-2.80838555e-23	2.02616598e-21	9.84999136e-22	1.04116685e-21
500             	1.20247947e-01	6.01239735e-02	6.01239735e-02	7.01847731e-01	2.89728034e-01	4.12119697e-01	-6.11958314e-02	-1.05752265e-22	-2.66427758e-23	2.03295803e-21	9.89836239e-22	1.04312179e-21
600             	1.20255264e-01	6.01276320e-02	6.01276320e-02	7.04164053e-01	2.90129838e-01	4.14034215e-01	-6.19521888e-02	-1.05779922e-22	-2.65035847e-23	2.03403204e-21	9.90512433e-22	1.04351960e-21
700             	1.20282929e-01	6.01414644e-02	6.01414644e-02	7.05785575e-01	2.90333445e-01	4.15452130e-01	-6.25593422e-02	-1.05796826e-22	-2.64360841e-23	2.03463481e-21	9.90881321e-22	1.04375349e-21
800             	1.20308055e-01	6.01540276e-02	6.01540276e-02	7.07128521e-01	2.90509967e-01	4.16618554e-01	-6.30542936e-02	-1.05811069e-22	-2.63811417e-23	2.03513553e-21	9.91186621e-22	1.04394890e-21
900             	1.20329998e-01	6.01649992e-02	6.01649992e-02	7.08292486e-01	2.90682752e-01	4.17609734e-01	-6.34634910e-02	-1.05823875e-22	-2.63333285e-23	2.03558319e-21	9.91458267e-22	1.04412492e-21
1000            	1.20349165e-01	6.01745825e-02	6.01745825e-02	7.09318392e-01	2.90852786e-01	4.18465605e-01	-6.38064096e-02	-1.05835557e-22	-2.62909008e-23	2.03599010e-21	9.91704149e-22	1.04428595e-21
1100            	1.20365999e-01	6.01829995e-02	6.01829995e-02	7.10232453e-01	2.91019040e-01	4.19213412e-01	-6.40971859e-02	-1.05846285e-22	-2.62529923e-23	2.03636249e-21	9.91928250e-22	1.04443423e-21
1200            	1.20380862e-01	6.01904309e-02	6.01904309e-02	7.11053802e-01	2.91180626e-01	4.19873176e-01	-6.43462752e-02	-1.05856183e-22	-2.62189218e-23	2.03670497e-21	9.92133563e-22	1.04457141e-21
1300            	1.20394171e-01	6.01970857e-02	6.01970857e-02	7.11797611e-01	2.91337363e-01	4.20460248e-01	-6.45614424e-02	-1.05865354e-22	-2.61881461e-23	2.03702141e-21	9.92322559e-22	1.04469885e-21
1400            	1.20406061e-01	6.02030305e-02	6.02030305e-02	7.12475521e-01	2.91488970e-01	4.20986551e-01	-6.47487908e-02	-1.05873876e-22	-2.61601848e-23	2.03731507e-21	9.92497348e-22	1.04481772e-21
1500            	1.20416717e-01	6.02083583e-02	6.02083583e-02	7.13096440e-01	2.91635189e-01	4.21461251e-01	-6.49130310e-02	-1.05881822e-22	-2.61346870e-23	2.03758819e-21	9.92659410e-22	1.04492878e-21
1600            	1.20426275e-01	6.02131376e-02	6.02131376e-02	7.13665126e-01	2.91774935e-01	4.21890191e-01	-6.50576284e-02	-1.05889214e-22	-2.61114467e-23	2.03784177e-21	9.92809440e-22	1.04503233e-21
1700            	1.20434936e-01	6.02174682e-02	6.02174682e-02	7.14193235e-01	2.91910706e-01	4.22282529e-01	-6.51859116e-02	-1.05896176e-22	-2.60900331e-23	2.03808020e-21	9.92950068e-22	1.04513013e-21
1800            	1.20442794e-01	6.02213968e-02	6.02213968e-02	7.14684880e-01	2.92042331e-01	4.22642549e-01	-6.53001094e-02	-1.05902738e-22	-2.60702840e-23	2.03830460e-21	9.93082017e-22	1.04522259e-21
1900            	1.20449939e-01	6.02249695e-02	6.02249695e-02	7.15143618e-01	2.92169657e-01	4.22973961e-01	-6.54021523e-02	-1.05908928e-22	-2.60520160e-23	2.03851608e-21	9.93206024e-22	1.04531006e-21
2000            	1.20456455e-01	6.02282273e-02	6.02282273e-02	7.15572998e-01	2.92292837e-01	4.23280161e-01	-6.54936622e-02	-1.05914779e-22	-2.60350789e-23	2.03871576e-21	9.93322801e-22	1.04539296e-21
2100            	1.20462411e-01	6.02312055e-02	6.02312055e-02	7.15976152e-01	2.92412091e-01	4.23564061e-01	-6.55759852e-02	-1.05920320e-22	-2.60193297e-23	2.03890475e-21	9.93433043e-22	1.04547170e-21
2200            	1.20467869e-01	6.02339344e-02	6.02339344e-02	7.16355762e-01	2.92527619e-01	4.23828143e-01	-6.56502623e-02	-1.05925576e-22	-2.60046554e-23	2.03908394e-21	9.93537315e-22	1.04554663e-21
2300            	1.20472880e-01	6.02364398e-02	6.02364398e-02	7.16714160e-01	2.92639626e-01	4.24074534e-01	-6.57174536e-02	-1.05930573e-22	-2.59909492e-23	2.03925420e-21	9.93636149e-22	1.04561805e-21
2400            	1.20477488e-01	6.02387442e-02	6.02387442e-02	7.17053371e-01	2.92748305e-01	4.24305066e-01	-6.57783805e-02	-1.05935330e-22	-2.59781181e-23	2.03941626e-21	9.93730012e-22	1.04568625e-21
2500            	1.20481735e-01	6.02408673e-02	6.02408673e-02	7.17375160e-01	2.92853833e-01	4.24521327e-01	-6.58337470e-02	-1.05939866e-22	-2.59660832e-23	2.03957078e-21	9.93819308e-22	1.04575147e-21
2600            	1.20485653e-01	6.02428266e-02	6.02428266e-02	7.17681102e-01	2.92956393e-01	4.24724709e-01	-6.58841582e-02	-1.05944198e-22	-2.59547727e-23	2.03971837e-21	9.93904412e-22	1.04581396e-21
2700            	1.20489274e-01	6.02446371e-02	6.02446371e-02	7.17972524e-01	2.93056120e-01	4.24916404e-01	-6.59301419e-02	-1.05948342e-22	-2.59441223e-23	2.03985953e-21	9.93985644e-22	1.04587389e-21
2800            	1.20492625e-01	6.02463124e-02	6.02463124e-02	7.18250487e-01	2.93153088e-01	4.25097399e-01	-6.59721557e-02	-1.05952308e-22	-2.59340810e-23	2.03999467e-21	9.94063253e-22	1.04593142e-21
2900            	1.20495729e-01	6.02478646e-02	6.02478646e-02	7.18516232e-01	2.93247515e-01	4.25268717e-01	-6.60106010e-02	-1.05956111e-22	-2.59245935e-23	2.04012429e-21	9.94137552e-22	1.04598674e-21
3000            	1.20498609e-01	6.02493045e-02	6.02493045e-02	7.18770756e-01	2.93339548e-01	4.25431208e-01	-6.60458300e-02	-1.05959762e-22	-2.59156147e-23	2.04024880e-21	9.94208787e-22	1.04604002e-21
3100            	1.20501284e-01	6.02506421e-02	6.02506421e-02	7.19015015e-01	2.93429343e-01	4.25585672e-01	-6.60781645e-02	-1.05963274e-22	-2.59071001e-23	2.04036860e-21	9.94277202e-22	1.04609140e-21
3200            	1.20503771e-01	6.02518855e-02	6.02518855e-02	7.19249604e-01	2.93516951e-01	4.25732653e-01	-6.61078514e-02	-1.05966653e-22	-2.58990156e-23	2.04048395e-21	9.94342959e-22	1.04614099e-21
3300            	1.20506085e-01	6.02530424e-02	6.02530424e-02	7.19475351e-01	2.93602523e-01	4.25872828e-01	-6.61351529e-02	-1.05969909e-22	-2.58913326e-23	2.04059515e-21	9.94406244e-22	1.04618891e-21
3400            	1.20508239e-01	6.02541193e-02	6.02541193e-02	7.19692880e-01	2.93686151e-01	4.26006729e-01	-6.61602893e-02	-1.05973050e-22	-2.58840157e-23	2.04070250e-21	9.94467235e-22	1.04623527e-21
3500            	1.20510245e-01	6.02551226e-02	6.02551226e-02	7.19902683e-01	2.93767891e-01	4.26134792e-01	-6.61834503e-02	-1.05976082e-22	-2.58770404e-23	2.04080620e-21	9.94526061e-22	1.04628014e-21
3600            	1.20512116e-01	6.02560581e-02	6.02560581e-02	7.20105370e-01	2.93847874e-01	4.26257496e-01	-6.62048109e-02	-1.05979014e-22	-2.58703797e-23	2.04090653e-21	9.94582883e-22	1.04632364e-21
3700            	1.20513862e-01	6.02569311e-02	6.02569311e-02	7.20301423e-01	2.93926185e-01	4.26375238e-01	-6.62245266e-02	-1.05981850e-22	-2.58640115e-23	2.04100368e-21	9.94637828e-22	1.04636585e-21
3800            	1.20515493e-01	6.02577464e-02	6.02577464e-02	7.20491271e-01	2.94002898e-01	4.26488373e-01	-6.62427377e-02	-1.05984598e-22	-2.58579148e-23	2.04109785e-21	9.94691011e-22	1.04640684e-21
3900            	1.20517017e-01	6.02585083e-02	6.02585083e-02	7.20675311e-01	2.94078085e-01	4.26597226e-01	-6.62595707e-02	-1.05987261e-22	-2.58520708e-23	2.04118922e-21	9.94742540e-22	1.04644668e-21
4000            	1.20518441e-01	6.02592207e-02	6.02592207e-02	7.20853910e-01	2.94151815e-01	4.26702095e-01	-6.62751396e-02	-1.05989846e-22	-2.58464622e-23	2.04127796e-21	9.94792515e-22	1.04648544e-21
4100            	1.20519774e-01	6.02598872e-02	6.02598872e-02	7.21027403e-01	2.94224154e-01	4.26803250e-01	-6.62895481e-02	-1.05992355e-22	-2.58410727e-23	2.04136420e-21	9.94841029e-22	1.04652317e-21
4200            	1.20521022e-01	6.02605111e-02	6.02605111e-02	7.21196108e-01	2.94295164e-01	4.26900944e-01	-6.63028900e-02	-1.05994795e-22	-2.58358882e-23	2.04144811e-21	9.94888166e-22	1.04655994e-21
4300            	1.20522191e-01	6.02610956e-02	6.02610956e-02	7.21360258e-01	2.94364879e-01	4.26995379e-01	-6.63152498e-02	-1.05997167e-22	-2.58308961e-23	2.04152978e-21	9.94933993e-22	1.04659579e-21
4400            	1.20523286e-01	6.02616432e-02	6.02616432e-02	7.21520108e-01	2.94433348e-01	4.27086760e-01	-6.63267057e-02	-1.05999476e-22	-2.58260839e-23	2.04160933e-21	9.94978582e-22	1.04663075e-21
4500            	1.20524313e-01	6.02621567e-02	6.02621567e-02	7.21675952e-01	2.94500648e-01	4.27175304e-01	-6.63373278e-02	-1.06001725e-22	-2.58214395e-23	2.04168690e-21	9.95022013e-22	1.04666489e-21
4600            	1.20525277e-01	6.02626383e-02	6.02626383e-02	7.21827920e-01	2.94566779e-01	4.27261141e-01	-6.63471809e-02	-1.06003917e-22	-2.58169542e-23	2.04176256e-21	9.95064325e-22	1.04669823e-21
4700            	1.20526180e-01	6.02630902e-02	6.02630902e-02	7.21976300e-01	2.94631827e-01	4.27344474e-01	-6.63563235e-02	-1.06006055e-22	-2.58126167e-23	2.04183643e-21	9.95105596e-22	1.04673083e-21
4800            	1.20527029e-01	6.02635145e-02	6.02635145e-02	7.22121296e-01	2.94695838e-01	4.27425458e-01	-6.63648102e-02	-1.06008142e-22	-2.58084174e-23	2.04190861e-21	9.95145887e-22	1.04676272e-21
4900            	1.20527826e-01	6.02639128e-02	6.02639128e-02	7.22263087e-01	2.94758854e-01	4.27504234e-01	-6.63726900e-02	-1.06010181e-22	-2.58043484e-23	2.04197919e-21	9.95185246e-22	1.04679394e-21
5000            	1.20528574e-01	6.02642870e-02	6.02642870e-02	7.22401833e-01	2.94820909e-01	4.27580925e-01	-6.63800081e-02	-1.06012174e-22	-2.58004017e-23	2.04204824e-21	9.95223720e-22	1.04682452e-21
5100            	1.20529277e-01	6.02646385e-02	6.02646385e-02	7.22537690e-01	2.94882038e-01	4.27655651e-01	-6.63868066e-02	-1.06014124e-22	-2.57965699e-23	2.04211585e-21	9.95261355e-22	1.04685450e-21
5200            	1.20529938e-01	6.02649689e-02	6.02649689e-02	7.22670309e-01	2.94942029e-01	4.27728280e-01	-6.63931255e-02	-1.06016024e-22	-2.57928441e-23	2.04218190e-21	9.95298108e-22	1.04688380e-21
5300            	1.20530561e-01	6.02652806e-02	6.02652806e-02	7.22800107e-01	2.95001043e-01	4.27799064e-01	-6.63990105e-02	-1.06017884e-22	-2.57892608e-23	2.04224634e-21	9.95333907e-22	1.04691243e-21
5400            	1.20531146e-01	6.02655730e-02	6.02655730e-02	7.22927364e-01	2.95059210e-01	4.27868154e-01	-6.64044723e-02	-1.06019703e-22	-2.57857425e-23	2.04230967e-21	9.95369092e-22	1.04694058e-21
5500            	1.20531696e-01	6.02658478e-02	6.02658478e-02	7.23052886e-01	2.95116901e-01	4.27935985e-01	-6.64095418e-02	-1.06021497e-22	-2.57823147e-23	2.04237206e-21	9.95403716e-22	1.04696835e-21
5600            	1.20532213e-01	6.02661066e-02	6.02661066e-02	7.23176204e-01	2.95173848e-01	4.28002356e-01	-6.64142537e-02	-1.06023256e-22	-2.57789704e-23	2.04243335e-21	9.95437703e-22	1.04699564e-21
5700            	1.20532700e-01	6.02663501e-02	6.02663501e-02	7.23297346e-01	2.95230038e-01	4.28067307e-01	-6.64186345e-02	-1.06024983e-22	-2.57757077e-23	2.04249353e-21	9.95471057e-22	1.04702247e-21
5800            	1.20533159e-01	6.02665795e-02	6.02665795e-02	7.23416404e-01	2.95285495e-01	4.28130909e-01	-6.64227071e-02	-1.06026678e-22	-2.57725227e-23	2.04255266e-21	9.95503806e-22	1.04704885e-21
5900            	1.20533591e-01	6.02667955e-02	6.02667955e-02	7.23533465e-01	2.95340239e-01	4.28193226e-01	-6.64264934e-02	-1.06028343e-22	-2.57694113e-23	2.04261077e-21	9.95535975e-22	1.04707480e-21
6000            	1.20533998e-01	6.02669990e-02	6.02669990e-02	7.23648598e-01	2.95394285e-01	4.28254312e-01	-6.64300135e-02	-1.06029978e-22	-2.57663703e-23	2.04266791e-21	9.95567584e-22	1.04710032e-21
6100            	1.20534382e-01	6.02671908e-02	6.02671908e-02	7.23761830e-01	2.95447629e-01	4.28314201e-01	-6.64332858e-02	-1.06031585e-22	-2.57633975e-23	2.04272408e-21	9.95598643e-22	1.04712544e-21
6200            	1.20534743e-01	6.02673716e-02	6.02673716e-02	7.23873299e-01	2.95500322e-01	4.28372977e-01	-6.64363274e-02	-1.06033165e-22	-2.57604878e-23	2.04277936e-21	9.95629190e-22	1.04715017e-21
6300            	1.20535084e-01	6.02675420e-02	6.02675420e-02	7.23983067e-01	2.95552379e-01	4.28430688e-01	-6.64391545e-02	-1.06034719e-22	-2.57576385e-23	2.04283377e-21	9.95659245e-22	1.04717452e-21
6400            	1.20535405e-01	6.02677026e-02	6.02677026e-02	7.24091195e-01	2.95603816e-01	4.28487379e-01	-6.64417819e-02	-1.06036249e-22	-2.57548465e-23	2.04288735e-21	9.95688826e-22	1.04719852e-21
6500            	1.20535708e-01	6.02678541e-02	6.02678541e-02	7.24197744e-01	2.95654649e-01	4.28543095e-01	-6.64442232e-02	-1.06037754e-22	-2.57521094e-23	2.04294012e-21	9.95717951e-22	1.04722217e-21
6600            	1.20535994e-01	6.02679971e-02	6.02679971e-02	7.24302769e-01	2.95704893e-01	4.28597876e-01	-6.64464912e-02	-1.06039236e-22	-2.57494248e-23	2.04299212e-21	9.95746636e-22	1.04724549e-21
6700            	1.20536264e-01	6.02681319e-02	6.02681319e-02	7.24406317e-01	2.95754561e-01	4.28651756e-01	-6.64485975e-02	-1.06040696e-22	-2.57467903e-23	2.04304337e-21	9.95774895e-22	1.04726848e-21
6800            	1.20536518e-01	6.02682592e-02	6.02682592e-02	7.24508437e-01	2.95803665e-01	4.28704772e-01	-6.64505534e-02	-1.06042135e-22	-2.57442037e-23	2.04309389e-21	9.95802744e-22	1.04729115e-21
6900            	1.20536759e-01	6.02683793e-02	6.02683793e-02	7.24609174e-01	2.95852218e-01	4.28756956e-01	-6.64523690e-02	-1.06043553e-22	-2.57416630e-23	2.04314372e-21	9.95830195e-22	1.04731352e-21
7000            	1.20536985e-01	6.02684927e-02	6.02684927e-02	7.24708569e-01	2.95900231e-01	4.28808338e-01	-6.64540537e-02	-1.06044950e-22	-2.57391666e-23	2.04319285e-21	9.95857261e-22	1.04733559e-21
7100            	1.20537200e-01	6.02685998e-02	6.02685998e-02	7.24806664e-01	2.95947716e-01	4.28858948e-01	-6.64556163e-02	-1.06046328e-22	-2.57367124e-23	2.04324133e-21	9.95883954e-22	1.04735738e-21
7200            	1.20537411e-01	6.02687053e-02	6.02687053e-02	7.24908905e-01	2.95997325e-01	4.28911580e-01	-6.64571278e-02	-1.06047763e-22	-2.57341918e-23	2.04329165e-21	9.95911632e-22	1.04738002e-21
7300            	1.20537616e-01	6.02688081e-02	6.02688081e-02	7.25013452e-01	2.96048107e-01	4.28965346e-01	-6.64586194e-02	-1.06049227e-22	-2.57315784e-23	2.04334340e-21	9.95940120e-22	1.04740328e-21
7400            	1.20537811e-01	6.02689053e-02	6.02689053e-02	7.25117783e-01	2.96098873e-01	4.29018910e-01	-6.64600189e-02	-1.06050690e-22	-2.57290161e-23	2.04339476e-21	9.95968366e-22	1.04742640e-21
7500            	1.20537993e-01	6.02689967e-02	6.02689967e-02	7.25219805e-01	2.96148593e-01	4.29071212e-01	-6.64613092e-02	-1.06052117e-22	-2.57264620e-23	2.04344536e-21	9.95996216e-22	1.04744914e-21
7600            	1.20538167e-01	6.02690835e-02	6.02690835e-02	7.25321470e-01	2.96198214e-01	4.29123256e-01	-6.64625212e-02	-1.06053540e-22	-2.57239754e-23	2.04349541e-21	9.96023732e-22	1.04747168e-21
7700            	1.20538330e-01	6.02691648e-02	6.02691648e-02	7.25421282e-01	2.96247022e-01	4.29174260e-01	-6.64636190e-02	-1.06054935e-22	-2.57215112e-23	2.04354474e-21	9.96050857e-22	1.04749388e-21
7800            	1.20538483e-01	6.02692416e-02	6.02692416e-02	7.25519341e-01	2.96295029e-01	4.29224312e-01	-6.64646417e-02	-1.06056305e-22	-2.57191116e-23	2.04359309e-21	9.96077432e-22	1.04751566e-21
7900            	1.20538630e-01	6.02693149e-02	6.02693149e-02	7.25617135e-01	2.96342999e-01	4.29274136e-01	-6.64655687e-02	-1.06057671e-22	-2.57167282e-23	2.04364127e-21	9.96103907e-22	1.04753736e-21
8000            	1.20538768e-01	6.02693840e-02	6.02693840e-02	7.25714542e-01	2.96390823e-01	4.29323719e-01	-6.64664480e-02	-1.06059031e-22	-2.57143891e-23	2.04368906e-21	9.96130141e-22	1.04755892e-21
8100            	1.20538893e-01	6.02694467e-02	6.02694467e-02	7.25810997e-01	2.96438271e-01	4.29372726e-01	-6.64672275e-02	-1.06060376e-22	-2.57120480e-23	2.04373660e-21	9.96156251e-22	1.04758035e-21
8200            	1.20539016e-01	6.02695082e-02	6.02695082e-02	7.25907520e-01	2.96485795e-01	4.29421724e-01	-6.64679645e-02	-1.06061720e-22	-2.57096992e-23	2.04378422e-21	9.96182410e-22	1.04760181e-21
8300            	1.20539133e-01	6.02695665e-02	6.02695665e-02	7.26002186e-01	2.96532438e-01	4.29469748e-01	-6.64686549e-02	-1.06063037e-22	-2.57073907e-23	2.04383098e-21	9.96208098e-22	1.04762288e-21
8400            	1.20539242e-01	6.02696208e-02	6.02696208e-02	7.26095907e-01	2.96578683e-01	4.29517224e-01	-6.64692707e-02	-1.06064341e-22	-2.57051308e-23	2.04387712e-21	9.96233429e-22	1.04764369e-21
8500            	1.20539345e-01	6.02696727e-02	6.02696727e-02	7.26188385e-01	2.96624360e-01	4.29564025e-01	-6.64698325e-02	-1.06065628e-22	-2.57029047e-23	2.04392264e-21	9.96258415e-22	1.04766422e-21
8600            	1.20539439e-01	6.02697197e-02	6.02697197e-02	7.26281005e-01	2.96670164e-01	4.29610840e-01	-6.64703380e-02	-1.06066917e-22	-2.57007206e-23	2.04396794e-21	9.96283248e-22	1.04768469e-21
8700            	1.20539533e-01	6.02697666e-02	6.02697666e-02	7.26371392e-01	2.96714902e-01	4.29656490e-01	-6.64707939e-02	-1.06068172e-22	-2.56985411e-23	2.04401249e-21	9.96307703e-22	1.04770479e-21
8800            	1.20539619e-01	6.02698095e-02	6.02698095e-02	7.26462333e-01	2.96759962e-01	4.29702372e-01	-6.64712051e-02	-1.06069434e-22	-2.56963608e-23	2.04405727e-21	9.96332272e-22	1.04772499e-21
8900            	1.20539700e-01	6.02698501e-02	6.02698501e-02	7.26552029e-01	2.96804428e-01	4.29747601e-01	-6.64715862e-02	-1.06070678e-22	-2.56942009e-23	2.04410152e-21	9.96356559e-22	1.04774496e-21
9000            	1.20539776e-01	6.02698880e-02	6.02698880e-02	7.26638677e-01	2.96847428e-01	4.29791249e-01	-6.64719105e-02	-1.06071881e-22	-2.56921330e-23	2.04414412e-21	9.96379929e-22	1.04776420e-21
9100            	1.20539850e-01	6.02699251e-02	6.02699251e-02	7.26725842e-01	2.96890702e-01	4.29835140e-01	-6.64722193e-02	-1.06073089e-22	-2.56900626e-23	2.04418696e-21	9.96403417e-22	1.04778354e-21
9200            	1.20539915e-01	6.02699573e-02	6.02699573e-02	7.26811749e-01	2.96933403e-01	4.29878346e-01	-6.64724716e-02	-1.06074280e-22	-2.56880203e-23	2.04422920e-21	9.96426580e-22	1.04780262e-21
9300            	1.20539979e-01	6.02699894e-02	6.02699894e-02	7.26894439e-01	2.96974514e-01	4.29919925e-01	-6.64727053e-02	-1.06075426e-22	-2.56860562e-23	2.04426981e-21	9.96448848e-22	1.04782096e-21
9400            	1.20540039e-01	6.02700197e-02	6.02700197e-02	7.26979128e-01	2.97016664e-01	4.29962465e-01	-6.64729005e-02	-1.06076598e-22	-2.56840485e-23	2.04431140e-21	9.96471653e-22	1.04783975e-21
9500            	1.20540084e-01	6.02700422e-02	6.02700422e-02	7.27061889e-01	2.97057864e-01	4.30004025e-01	-6.64730805e-02	-1.06077745e-22	-2.56820877e-23	2.04435206e-21	9.96493943e-22	1.04785812e-21
9600            	1.20540141e-01	6.02700707e-02	6.02700707e-02	7.27143923e-01	2.97098742e-01	4.30045182e-01	-6.64732200e-02	-1.06078881e-22	-2.56801789e-23	2.04439208e-21	9.96515862e-22	1.04787622e-21
9700            	1.20540189e-01	6.02700943e-02	6.02700943e-02	7.27224682e-01	2.97139010e-01	4.30085672e-01	-6.64733308e-02	-1.06079998e-22	-2.56782736e-23	2.04443176e-21	9.96537607e-22	1.04789415e-21
9800            	1.20540240e-01	6.02701201e-02	6.02701201e-02	7.27305527e-01	2.97179310e-01	4.30126218e-01	-6.64734540e-02	-1.06081116e-22	-2.56763868e-23	2.04447129e-21	9.96559256e-22	1.04791203e-21
9900            	1.20540277e-01	6.02701386e-02	6.02701386e-02	7.27385468e-01	2.97219208e-01	4.30166260e-01	-6.64735258e-02	-1.06082220e-22	-2.56744542e-23	2.04451090e-21	9.96580998e-22	1.04792991e-21
10000           	1.20540329e-01	6.02701643e-02	6.02701643e-02	7.27462428e-01	2.97257627e-01	4.30204801e-01	-6.64735872e-02	-1.06083283e-22	-2.56726368e-23	2.04454864e-21	9.96601683e-22	1.04794696e-21
