# Actuation disk source
# Time              # Uref              # Cp                # Ct                # a                 # T                 # diskDir           
1                   (1.000000000000e+01 0.000000000000e+00 0.000000000000e+00)	5.300000000000e-01	5.800000000000e-01	8.620689655172e-02	6.302021403092e+02	(1.000000000000e+00 0.000000000000e+00 0.000000000000e+00)
2                   (1.000379509372e+01 1.639536336694e-03 1.214020550690e-03)	5.300000000000e-01	5.800000000000e-01	8.620689655172e-02	6.306805663131e+02	(1.000000000000e+00 0.000000000000e+00 0.000000000000e+00)
3                   (1.001462632374e+01 6.678333847700e-03 3.851689219435e-03)	5.300000000000e-01	5.800000000000e-01	8.620689655172e-02	6.320469966012e+02	(1.000000000000e+00 0.000000000000e+00 0.000000000000e+00)
4                   (1.002362675599e+01 1.115343418402e-02 1.229320766039e-03)	5.300000000000e-01	5.800000000000e-01	8.620689655172e-02	6.331835846852e+02	(1.000000000000e+00 0.000000000000e+00 0.000000000000e+00)
5                   (1.002510058214e+01 1.321288560288e-02 -8.435160170260e-03)	5.300000000000e-01	5.800000000000e-01	8.620689655172e-02	6.333697989478e+02	(1.000000000000e+00 0.000000000000e+00 0.000000000000e+00)
6                   (1.002274534073e+01 1.444870864469e-02 -2.002090315876e-02)	5.300000000000e-01	5.800000000000e-01	8.620689655172e-02	6.330722331456e+02	(1.000000000000e+00 0.000000000000e+00 0.000000000000e+00)
7                   (1.002345481708e+01 1.691176934058e-02 -2.406257804158e-02)	5.300000000000e-01	5.800000000000e-01	8.620689655172e-02	6.331618624156e+02	(1.000000000000e+00 0.000000000000e+00 0.000000000000e+00)
8                   (1.002952159944e+01 2.096404383490e-02 -1.777136948581e-02)	5.300000000000e-01	5.800000000000e-01	8.620689655172e-02	6.339285477076e+02	(1.000000000000e+00 0.000000000000e+00 0.000000000000e+00)
9                   (1.003476373918e+01 2.319190162960e-02 -7.267589712077e-03)	5.300000000000e-01	5.800000000000e-01	8.620689655172e-02	6.345913929794e+02	(1.000000000000e+00 0.000000000000e+00 0.000000000000e+00)
10                  (1.003652058871e+01 2.232368409675e-02 -2.230674836689e-03)	5.300000000000e-01	5.800000000000e-01	8.620689655172e-02	6.348136162861e+02	(1.000000000000e+00 0.000000000000e+00 0.000000000000e+00)
11                  (1.003541071171e+01 1.981560463245e-02 -6.134867882717e-03)	5.300000000000e-01	5.800000000000e-01	8.620689655172e-02	6.346732237920e+02	(1.000000000000e+00 0.000000000000e+00 0.000000000000e+00)
12                  (1.003566775814e+01 1.875328164790e-02 -1.581712304975e-02)	5.300000000000e-01	5.800000000000e-01	8.620689655172e-02	6.347057371752e+02	(1.000000000000e+00 0.000000000000e+00 0.000000000000e+00)
13                  (1.003918411910e+01 2.110654998776e-02 -2.325437112692e-02)	5.300000000000e-01	5.800000000000e-01	8.620689655172e-02	6.351505995475e+02	(1.000000000000e+00 0.000000000000e+00 0.000000000000e+00)
14                  (1.004539360186e+01 2.607703145825e-02 -2.462133639141e-02)	5.300000000000e-01	5.800000000000e-01	8.620689655172e-02	6.359365551327e+02	(1.000000000000e+00 0.000000000000e+00 0.000000000000e+00)
15                  (1.005062968818e+01 3.086011633211e-02 -2.080502396884e-02)	5.300000000000e-01	5.800000000000e-01	8.620689655172e-02	6.365996822629e+02	(1.000000000000e+00 0.000000000000e+00 0.000000000000e+00)
16                  (1.005365586580e+01 3.273772289296e-02 -1.631789739310e-02)	5.300000000000e-01	5.800000000000e-01	8.620689655172e-02	6.369830918194e+02	(1.000000000000e+00 0.000000000000e+00 0.000000000000e+00)
17                  (1.005462839977e+01 3.162779238418e-02 -1.563214948490e-02)	5.300000000000e-01	5.800000000000e-01	8.620689655172e-02	6.371063340843e+02	(1.000000000000e+00 0.000000000000e+00 0.000000000000e+00)
18                  (1.005538027489e+01 2.953478909934e-02 -1.958897151900e-02)	5.300000000000e-01	5.800000000000e-01	8.620689655172e-02	6.372016220036e+02	(1.000000000000e+00 0.000000000000e+00 0.000000000000e+00)
19                  (1.005818914918e+01 2.909483070530e-02 -2.565430138287e-02)	5.300000000000e-01	5.800000000000e-01	8.620689655172e-02	6.375576640799e+02	(1.000000000000e+00 0.000000000000e+00 0.000000000000e+00)
20                  (1.006339356730e+01 3.101480199258e-02 -3.008451266703e-02)	5.300000000000e-01	5.800000000000e-01	8.620689655172e-02	6.382176188810e+02	(1.000000000000e+00 0.000000000000e+00 0.000000000000e+00)
21                  (1.006987134118e+01 3.449861133519e-02 -3.164819099888e-02)	5.300000000000e-01	5.800000000000e-01	8.620689655172e-02	6.390395205562e+02	(1.000000000000e+00 0.000000000000e+00 0.000000000000e+00)
22                  (1.007581764358e+01 3.773019694376e-02 -3.134965054884e-02)	5.300000000000e-01	5.800000000000e-01	8.620689655172e-02	6.397944545656e+02	(1.000000000000e+00 0.000000000000e+00 0.000000000000e+00)
23                  (1.008031526771e+01 3.924343129218e-02 -3.144319749486e-02)	5.300000000000e-01	5.800000000000e-01	8.620689655172e-02	6.403657624863e+02	(1.000000000000e+00 0.000000000000e+00 0.000000000000e+00)
24                  (1.008378846379e+01 3.900708234868e-02 -3.347875932132e-02)	5.300000000000e-01	5.800000000000e-01	8.620689655172e-02	6.408071175348e+02	(1.000000000000e+00 0.000000000000e+00 0.000000000000e+00)
25                  (1.008750884331e+01 3.822475189875e-02 -3.731848411191e-02)	5.300000000000e-01	5.800000000000e-01	8.620689655172e-02	6.412800519836e+02	(1.000000000000e+00 0.000000000000e+00 0.000000000000e+00)
26                  (1.009261406741e+01 3.834550420163e-02 -4.156385145322e-02)	5.300000000000e-01	5.800000000000e-01	8.620689655172e-02	6.419293117510e+02	(1.000000000000e+00 0.000000000000e+00 0.000000000000e+00)
27                  (1.009934493686e+01 4.007891943847e-02 -4.470305042736e-02)	5.300000000000e-01	5.800000000000e-01	8.620689655172e-02	6.427858159503e+02	(1.000000000000e+00 0.000000000000e+00 0.000000000000e+00)
28                  (1.010676411098e+01 4.270485857878e-02 -4.651624006240e-02)	5.300000000000e-01	5.800000000000e-01	8.620689655172e-02	6.437305686254e+02	(1.000000000000e+00 0.000000000000e+00 0.000000000000e+00)
29                  (1.011388545759e+01 4.506205595158e-02 -4.774498641645e-02)	5.300000000000e-01	5.800000000000e-01	8.620689655172e-02	6.446380487057e+02	(1.000000000000e+00 0.000000000000e+00 0.000000000000e+00)
30                  (1.012039026651e+01 4.635560438423e-02 -4.947346082792e-02)	5.300000000000e-01	5.800000000000e-01	8.620689655172e-02	6.454675213748e+02	(1.000000000000e+00 0.000000000000e+00 0.000000000000e+00)
31                  (1.012682999465e+01 4.677030278452e-02 -5.214618572187e-02)	5.300000000000e-01	5.800000000000e-01	8.620689655172e-02	6.462892204808e+02	(1.000000000000e+00 0.000000000000e+00 0.000000000000e+00)
32                  (1.013393173580e+01 4.709454216457e-02 -5.545119032076e-02)	5.300000000000e-01	5.800000000000e-01	8.620689655172e-02	6.471959974523e+02	(1.000000000000e+00 0.000000000000e+00 0.000000000000e+00)
33                  (1.014210284448e+01 4.801977761241e-02 -5.869913687220e-02)	5.300000000000e-01	5.800000000000e-01	8.620689655172e-02	6.482401017504e+02	(1.000000000000e+00 0.000000000000e+00 0.000000000000e+00)
34                  (1.015117174334e+01 4.964223373583e-02 -6.141844768932e-02)	5.300000000000e-01	5.800000000000e-01	8.620689655172e-02	6.493999109899e+02	(1.000000000000e+00 0.000000000000e+00 0.000000000000e+00)
35                  (1.016067653024e+01 5.151986389708e-02 -6.366199680085e-02)	5.300000000000e-01	5.800000000000e-01	8.620689655172e-02	6.506165779147e+02	(1.000000000000e+00 0.000000000000e+00 0.000000000000e+00)
36                  (1.017032023194e+01 5.314265666758e-02 -6.579634684992e-02)	5.300000000000e-01	5.800000000000e-01	8.620689655172e-02	6.518521904718e+02	(1.000000000000e+00 0.000000000000e+00 0.000000000000e+00)
37                  (1.018014000540e+01 5.430158410145e-02 -6.819732260659e-02)	5.300000000000e-01	5.800000000000e-01	8.620689655172e-02	6.531115669516e+02	(1.000000000000e+00 0.000000000000e+00 0.000000000000e+00)
38                  (1.019042150075e+01 5.519563416052e-02 -7.094128559877e-02)	5.300000000000e-01	5.800000000000e-01	8.620689655172e-02	6.544314612652e+02	(1.000000000000e+00 0.000000000000e+00 0.000000000000e+00)
39                  (1.020145423794e+01 5.616448398253e-02 -7.385552720858e-02)	5.300000000000e-01	5.800000000000e-01	8.620689655172e-02	6.558492787337e+02	(1.000000000000e+00 0.000000000000e+00 0.000000000000e+00)
40                  (1.021335901613e+01 5.742046775275e-02 -7.668545979925e-02)	5.300000000000e-01	5.800000000000e-01	8.620689655172e-02	6.573808830905e+02	(1.000000000000e+00 0.000000000000e+00 0.000000000000e+00)
41                  (1.022600195937e+01 5.890343653146e-02 -7.930908748667e-02)	5.300000000000e-01	5.800000000000e-01	8.620689655172e-02	6.590094116373e+02	(1.000000000000e+00 0.000000000000e+00 0.000000000000e+00)
42                  (1.023922358125e+01 6.037157313536e-02 -8.180277882534e-02)	5.300000000000e-01	5.800000000000e-01	8.620689655172e-02	6.607146344807e+02	(1.000000000000e+00 0.000000000000e+00 0.000000000000e+00)
43                  (1.025298485830e+01 6.166424740926e-02 -8.431250418063e-02)	5.300000000000e-01	5.800000000000e-01	8.620689655172e-02	6.624917979472e+02	(1.000000000000e+00 0.000000000000e+00 0.000000000000e+00)
44                  (1.026737413618e+01 6.279838709517e-02 -8.692970346461e-02)	5.300000000000e-01	5.800000000000e-01	8.620689655172e-02	6.643526156453e+02	(1.000000000000e+00 0.000000000000e+00 0.000000000000e+00)
45                  (1.028252800967e+01 6.390213963168e-02 -8.964719191443e-02)	5.300000000000e-01	5.800000000000e-01	8.620689655172e-02	6.663151320207e+02	(1.000000000000e+00 0.000000000000e+00 0.000000000000e+00)
46                  (1.029856852772e+01 6.507669334675e-02 -9.240202013136e-02)	5.300000000000e-01	5.800000000000e-01	8.620689655172e-02	6.683956274871e+02	(1.000000000000e+00 0.000000000000e+00 0.000000000000e+00)
47                  (1.031550767811e+01 6.633893035210e-02 -9.512271309427e-02)	5.300000000000e-01	5.800000000000e-01	8.620689655172e-02	6.705961984339e+02	(1.000000000000e+00 0.000000000000e+00 0.000000000000e+00)
48                  (1.033330027761e+01 6.762234707039e-02 -9.778185149863e-02)	5.300000000000e-01	5.800000000000e-01	8.620689655172e-02	6.729115357005e+02	(1.000000000000e+00 0.000000000000e+00 0.000000000000e+00)
49                  (1.035193380631e+01 6.884088055229e-02 -1.004063525189e-01)	5.300000000000e-01	5.800000000000e-01	8.620689655172e-02	6.753405799176e+02	(1.000000000000e+00 0.000000000000e+00 0.000000000000e+00)
50                  (1.037143914057e+01 6.997039940641e-02 -1.030425034182e-01)	5.300000000000e-01	5.800000000000e-01	8.620689655172e-02	6.778879597943e+02	(1.000000000000e+00 0.000000000000e+00 0.000000000000e+00)
51                  (1.039188387305e+01 7.104944264591e-02 -1.057111246540e-01)	5.300000000000e-01	5.800000000000e-01	8.620689655172e-02	6.805631715629e+02	(1.000000000000e+00 0.000000000000e+00 0.000000000000e+00)
52                  (1.041334908178e+01 7.212831806035e-02 -1.084020869826e-01)	5.300000000000e-01	5.800000000000e-01	8.620689655172e-02	6.833775829075e+02	(1.000000000000e+00 0.000000000000e+00 0.000000000000e+00)
53                  (1.043589073101e+01 7.322053715752e-02 -1.110938120585e-01)	5.300000000000e-01	5.800000000000e-01	8.620689655172e-02	6.863393832970e+02	(1.000000000000e+00 0.000000000000e+00 0.000000000000e+00)
54                  (1.045952068416e+01 7.430511786475e-02 -1.137715940743e-01)	5.300000000000e-01	5.800000000000e-01	8.620689655172e-02	6.894510542144e+02	(1.000000000000e+00 0.000000000000e+00 0.000000000000e+00)
55                  (1.048424666933e+01 7.534389467452e-02 -1.164366614289e-01)	5.300000000000e-01	5.800000000000e-01	8.620689655172e-02	6.927145892797e+02	(1.000000000000e+00 0.000000000000e+00 0.000000000000e+00)
56                  (1.051009178903e+01 7.630330939922e-02 -1.191064160747e-01)	5.300000000000e-01	5.800000000000e-01	8.620689655172e-02	6.961340735947e+02	(1.000000000000e+00 0.000000000000e+00 0.000000000000e+00)
57                  (1.053709171357e+01 7.719294249079e-02 -1.217863781419e-01)	5.300000000000e-01	5.800000000000e-01	8.620689655172e-02	6.997153382100e+02	(1.000000000000e+00 0.000000000000e+00 0.000000000000e+00)
58                  (1.056530287954e+01 7.803748877117e-02 -1.244715391255e-01)	5.300000000000e-01	5.800000000000e-01	8.620689655172e-02	7.034670774834e+02	(1.000000000000e+00 0.000000000000e+00 0.000000000000e+00)
59                  (1.059478052535e+01 7.884403249258e-02 -1.271564431862e-01)	5.300000000000e-01	5.800000000000e-01	8.620689655172e-02	7.073979598291e+02	(1.000000000000e+00 0.000000000000e+00 0.000000000000e+00)
60                  (1.062555650609e+01 7.960254514859e-02 -1.298389656103e-01)	5.300000000000e-01	5.800000000000e-01	8.620689655172e-02	7.115136630673e+02	(1.000000000000e+00 0.000000000000e+00 0.000000000000e+00)
61                  (1.065764890358e+01 8.029409958354e-02 -1.325241559051e-01)	5.300000000000e-01	5.800000000000e-01	8.620689655172e-02	7.158181269986e+02	(1.000000000000e+00 0.000000000000e+00 0.000000000000e+00)
62                  (1.069114535235e+01 8.087714260078e-02 -1.352430583273e-01)	5.300000000000e-01	5.800000000000e-01	8.620689655172e-02	7.203247579183e+02	(1.000000000000e+00 0.000000000000e+00 0.000000000000e+00)
63                  (1.072609451966e+01 8.134685771160e-02 -1.380001684787e-01)	5.300000000000e-01	5.800000000000e-01	8.620689655172e-02	7.250419135751e+02	(1.000000000000e+00 0.000000000000e+00 0.000000000000e+00)
64                  (1.076253523641e+01 8.171441667922e-02 -1.407974050769e-01)	5.300000000000e-01	5.800000000000e-01	8.620689655172e-02	7.299767812005e+02	(1.000000000000e+00 0.000000000000e+00 0.000000000000e+00)
65                  (1.080050635364e+01 8.199043061383e-02 -1.436307065184e-01)	5.300000000000e-01	5.800000000000e-01	8.620689655172e-02	7.351367047840e+02	(1.000000000000e+00 0.000000000000e+00 0.000000000000e+00)
66                  (1.084004085180e+01 8.216787914456e-02 -1.464985630193e-01)	5.300000000000e-01	5.800000000000e-01	8.620689655172e-02	7.405283876863e+02	(1.000000000000e+00 0.000000000000e+00 0.000000000000e+00)
67                  (1.088116452970e+01 8.223837892376e-02 -1.493998337320e-01)	5.300000000000e-01	5.800000000000e-01	8.620689655172e-02	7.461577051950e+02	(1.000000000000e+00 0.000000000000e+00 0.000000000000e+00)
68                  (1.092381604705e+01 8.222280009231e-02 -1.523128101309e-01)	5.300000000000e-01	5.800000000000e-01	8.620689655172e-02	7.520186828281e+02	(1.000000000000e+00 0.000000000000e+00 0.000000000000e+00)
69                  (1.096796585144e+01 8.209854931009e-02 -1.552538753839e-01)	5.300000000000e-01	5.800000000000e-01	8.620689655172e-02	7.581096992472e+02	(1.000000000000e+00 0.000000000000e+00 0.000000000000e+00)
70                  (1.101645760280e+01 8.179963638530e-02 -1.582685710249e-01)	5.300000000000e-01	5.800000000000e-01	8.620689655172e-02	7.648280523251e+02	(1.000000000000e+00 0.000000000000e+00 0.000000000000e+00)
71                  (1.106638182832e+01 8.121675339171e-02 -1.614679765678e-01)	5.300000000000e-01	5.800000000000e-01	8.620689655172e-02	7.717758333906e+02	(1.000000000000e+00 0.000000000000e+00 0.000000000000e+00)
72                  (1.111762758169e+01 8.043189401988e-02 -1.648124202413e-01)	5.300000000000e-01	5.800000000000e-01	8.620689655172e-02	7.789401999272e+02	(1.000000000000e+00 0.000000000000e+00 0.000000000000e+00)
73                  (1.117019798133e+01 7.962044718258e-02 -1.681405098172e-01)	5.300000000000e-01	5.800000000000e-01	8.620689655172e-02	7.863241517154e+02	(1.000000000000e+00 0.000000000000e+00 0.000000000000e+00)
74                  (1.122412850958e+01 7.891400548211e-02 -1.712892424402e-01)	5.300000000000e-01	5.800000000000e-01	8.620689655172e-02	7.939353415435e+02	(1.000000000000e+00 0.000000000000e+00 0.000000000000e+00)
75                  (1.127941398555e+01 7.834554267599e-02 -1.741725732829e-01)	5.300000000000e-01	5.800000000000e-01	8.620689655172e-02	8.017758064730e+02	(1.000000000000e+00 0.000000000000e+00 0.000000000000e+00)
76                  (1.133596105007e+01 7.787683123488e-02 -1.767949596057e-01)	5.300000000000e-01	5.800000000000e-01	8.620689655172e-02	8.098350398598e+02	(1.000000000000e+00 0.000000000000e+00 0.000000000000e+00)
77                  (1.139359924859e+01 7.747118812615e-02 -1.792008046315e-01)	5.300000000000e-01	5.800000000000e-01	8.620689655172e-02	8.180912608066e+02	(1.000000000000e+00 0.000000000000e+00 0.000000000000e+00)
78                  (1.145214021101e+01 7.714023730544e-02 -1.814126093151e-01)	5.300000000000e-01	5.800000000000e-01	8.620689655172e-02	8.265196571784e+02	(1.000000000000e+00 0.000000000000e+00 0.000000000000e+00)
79                  (1.151143827703e+01 7.694144291834e-02 -1.834016474547e-01)	5.300000000000e-01	5.800000000000e-01	8.620689655172e-02	8.351010932124e+02	(1.000000000000e+00 0.000000000000e+00 0.000000000000e+00)
80                  (1.157142257930e+01 7.694903483936e-02 -1.850932524351e-01)	5.300000000000e-01	5.800000000000e-01	8.620689655172e-02	8.438269306735e+02	(1.000000000000e+00 0.000000000000e+00 0.000000000000e+00)
81                  (1.163207518928e+01 7.722120166375e-02 -1.863987595869e-01)	5.300000000000e-01	5.800000000000e-01	8.620689655172e-02	8.526960975122e+02	(1.000000000000e+00 0.000000000000e+00 0.000000000000e+00)
82                  (1.169336774161e+01 7.778494088644e-02 -1.872523506893e-01)	5.300000000000e-01	5.800000000000e-01	8.620689655172e-02	8.617059458315e+02	(1.000000000000e+00 0.000000000000e+00 0.000000000000e+00)
83                  (1.175521880376e+01 7.864580602674e-02 -1.876251441312e-01)	5.300000000000e-01	5.800000000000e-01	8.620689655172e-02	8.708458934117e+02	(1.000000000000e+00 0.000000000000e+00 0.000000000000e+00)
84                  (1.181749983534e+01 7.980378424429e-02 -1.875171764527e-01)	5.300000000000e-01	5.800000000000e-01	8.620689655172e-02	8.800981004744e+02	(1.000000000000e+00 0.000000000000e+00 0.000000000000e+00)
85                  (1.188011390346e+01 8.126841412033e-02 -1.867880571878e-01)	5.300000000000e-01	5.800000000000e-01	8.620689655172e-02	8.894490650459e+02	(1.000000000000e+00 0.000000000000e+00 0.000000000000e+00)
86                  (1.194304919369e+01 8.305725736574e-02 -1.854473808095e-01)	5.300000000000e-01	5.800000000000e-01	8.620689655172e-02	8.988977971786e+02	(1.000000000000e+00 0.000000000000e+00 0.000000000000e+00)
87                  (1.200623321635e+01 8.517061990574e-02 -1.835113098746e-01)	5.300000000000e-01	5.800000000000e-01	8.620689655172e-02	9.084340916061e+02	(1.000000000000e+00 0.000000000000e+00 0.000000000000e+00)
88                  (1.206954399366e+01 8.759752385510e-02 -1.810489305386e-01)	5.300000000000e-01	5.800000000000e-01	8.620689655172e-02	9.180399866104e+02	(1.000000000000e+00 0.000000000000e+00 0.000000000000e+00)
89                  (1.213289320050e+01 9.056920681796e-02 -1.781095150027e-01)	5.300000000000e-01	5.800000000000e-01	8.620689655172e-02	9.277022785939e+02	(1.000000000000e+00 0.000000000000e+00 0.000000000000e+00)
90                  (1.219629328396e+01 9.394821780431e-02 -1.746841200807e-01)	5.300000000000e-01	5.800000000000e-01	8.620689655172e-02	9.374229730116e+02	(1.000000000000e+00 0.000000000000e+00 0.000000000000e+00)
91                  (1.225969033362e+01 9.769103734024e-02 -1.707645080615e-01)	5.300000000000e-01	5.800000000000e-01	8.620689655172e-02	9.471938614796e+02	(1.000000000000e+00 0.000000000000e+00 0.000000000000e+00)
92                  (1.232297627624e+01 1.017247337149e-01 -1.663549443887e-01)	5.300000000000e-01	5.800000000000e-01	8.620689655172e-02	9.569981507907e+02	(1.000000000000e+00 0.000000000000e+00 0.000000000000e+00)
93                  (1.238603321473e+01 1.060057624634e-01 -1.614783054487e-01)	5.300000000000e-01	5.800000000000e-01	8.620689655172e-02	9.668171695842e+02	(1.000000000000e+00 0.000000000000e+00 0.000000000000e+00)
94                  (1.244877603856e+01 1.105316459367e-01 -1.561707330698e-01)	5.300000000000e-01	5.800000000000e-01	8.620689655172e-02	9.766370175373e+02	(1.000000000000e+00 0.000000000000e+00 0.000000000000e+00)
95                  (1.251116971428e+01 1.153156021963e-01 -1.504692926277e-01)	5.300000000000e-01	5.800000000000e-01	8.620689655172e-02	9.864514249503e+02	(1.000000000000e+00 0.000000000000e+00 0.000000000000e+00)
96                  (1.257321438832e+01 1.203578416948e-01 -1.444015617460e-01)	5.300000000000e-01	5.800000000000e-01	8.620689655172e-02	9.962595913075e+02	(1.000000000000e+00 0.000000000000e+00 0.000000000000e+00)
97                  (1.263491303518e+01 1.256381086653e-01 -1.379837917342e-01)	5.300000000000e-01	5.800000000000e-01	8.620689655172e-02	1.006061171527e+03	(1.000000000000e+00 0.000000000000e+00 0.000000000000e+00)
98                  (1.269624691719e+01 1.311282964649e-01 -1.312259200626e-01)	5.300000000000e-01	5.800000000000e-01	8.620689655172e-02	1.015852359865e+03	(1.000000000000e+00 0.000000000000e+00 0.000000000000e+00)
99                  (1.275717192151e+01 1.368075546875e-01 -1.241386814199e-01)	5.300000000000e-01	5.800000000000e-01	8.620689655172e-02	1.025625217366e+03	(1.000000000000e+00 0.000000000000e+00 0.000000000000e+00)
100                 (1.281763374159e+01 1.426672370837e-01 -1.167393726602e-01)	5.300000000000e-01	5.800000000000e-01	8.620689655172e-02	1.035370028641e+03	(1.000000000000e+00 0.000000000000e+00 0.000000000000e+00)
101                 (1.287758866501e+01 1.487029804647e-01 -1.090524903329e-01)	5.300000000000e-01	5.800000000000e-01	8.620689655172e-02	1.045078639802e+03	(1.000000000000e+00 0.000000000000e+00 0.000000000000e+00)
102                 (1.293701247807e+01 1.549048620117e-01 -1.011063618619e-01)	5.300000000000e-01	5.800000000000e-01	8.620689655172e-02	1.054745953443e+03	(1.000000000000e+00 0.000000000000e+00 0.000000000000e+00)
