# Wall shear stress
# Time          	patch           	min             	max             
100             	bump	(-2.22441833e+01 -2.47368393e+00 -3.50709061e-17)	(1.50809524e+00 2.36977107e+00 2.80435117e-17)
200             	bump	(-2.25025239e+01 -2.53921610e+00 -3.66810593e-17)	(-5.31137353e+00 1.74561612e+00 3.51341479e-17)
300             	bump	(-2.25625514e+01 -2.54804035e+00 -3.70889998e-17)	(-5.04798027e+00 1.77024813e+00 3.60384141e-17)
400             	bump	(-2.25703362e+01 -2.55002922e+00 -3.71769718e-17)	(-4.74682601e+00 1.77416466e+00 3.61739181e-17)
500             	bump	(-2.25775343e+01 -2.55031016e+00 -3.71925766e-17)	(-4.73844219e+00 1.77467291e+00 3.61953555e-17)
600             	bump	(-2.26075923e+01 -2.55038966e+00 -3.71972054e-17)	(-4.73828466e+00 1.77480167e+00 3.62014064e-17)
700             	bump	(-2.26447813e+01 -2.55042889e+00 -3.72001228e-17)	(-4.73853581e+00 1.77487296e+00 3.62052551e-17)
800             	bump	(-2.26782490e+01 -2.55046728e+00 -3.72025980e-17)	(-4.73878798e+00 1.77493320e+00 3.62085134e-17)
900             	bump	(-2.27085488e+01 -2.55050170e+00 -3.72048398e-17)	(-4.73901989e+00 1.77498672e+00 3.62114391e-17)
1000            	bump	(-2.27354852e+01 -2.55053346e+00 -3.72068982e-17)	(-4.73922409e+00 1.77503471e+00 3.62140984e-17)
1100            	bump	(-2.27590342e+01 -2.55056311e+00 -3.72088007e-17)	(-4.73940694e+00 1.77507825e+00 3.62165321e-17)
1200            	bump	(-2.27794442e+01 -2.55059095e+00 -3.72105668e-17)	(-4.73957203e+00 1.77511804e+00 3.62187702e-17)
1300            	bump	(-2.27971507e+01 -2.55061699e+00 -3.72122117e-17)	(-4.73972201e+00 1.77515457e+00 3.62208370e-17)
1400            	bump	(-2.28125657e+01 -2.55064044e+00 -3.72137470e-17)	(-4.73985582e+00 1.77518739e+00 3.62227504e-17)
1500            	bump	(-2.28260600e+01 -2.55066287e+00 -3.72151850e-17)	(-4.73997791e+00 1.77521780e+00 3.62245284e-17)
1600            	bump	(-2.28379688e+01 -2.55068363e+00 -3.72165288e-17)	(-4.74008960e+00 1.77524564e+00 3.62261790e-17)
1700            	bump	(-2.28485640e+01 -2.55070327e+00 -3.72177992e-17)	(-4.74019138e+00 1.77527150e+00 3.62277270e-17)
1800            	bump	(-2.28580630e+01 -2.55072195e+00 -3.72190011e-17)	(-4.74028649e+00 1.77529567e+00 3.62291811e-17)
1900            	bump	(-2.28666375e+01 -2.55073947e+00 -3.72201385e-17)	(-4.74037388e+00 1.77531808e+00 3.62305482e-17)
2000            	bump	(-2.28744254e+01 -2.55075590e+00 -3.72212167e-17)	(-4.74045440e+00 1.77533887e+00 3.62318356e-17)
2100            	bump	(-2.28815362e+01 -2.55077132e+00 -3.72222405e-17)	(-4.74052866e+00 1.77535817e+00 3.62330505e-17)
2200            	bump	(-2.28880584e+01 -2.55078579e+00 -3.72232141e-17)	(-4.74059727e+00 1.77537611e+00 3.62341990e-17)
2300            	bump	(-2.28940658e+01 -2.55079936e+00 -3.72241417e-17)	(-4.74066075e+00 1.77539281e+00 3.62352867e-17)
2400            	bump	(-2.28996189e+01 -2.55081210e+00 -3.72250265e-17)	(-4.74071943e+00 1.77540834e+00 3.62363185e-17)
2500            	bump	(-2.29047691e+01 -2.55082407e+00 -3.72258719e-17)	(-4.74077384e+00 1.77542282e+00 3.62372988e-17)
2600            	bump	(-2.29095622e+01 -2.55083532e+00 -3.72266806e-17)	(-4.74082436e+00 1.77543634e+00 3.62382316e-17)
2700            	bump	(-2.29140365e+01 -2.55084588e+00 -3.72274551e-17)	(-4.74087121e+00 1.77544893e+00 3.62391204e-17)
2800            	bump	(-2.29182256e+01 -2.55085581e+00 -3.72281975e-17)	(-4.74091475e+00 1.77546070e+00 3.62399681e-17)
2900            	bump	(-2.29221588e+01 -2.55086513e+00 -3.72289101e-17)	(-4.74095520e+00 1.77547169e+00 3.62407778e-17)
3000            	bump	(-2.29258614e+01 -2.55087390e+00 -3.72295952e-17)	(-4.74099285e+00 1.77548197e+00 3.62415525e-17)
3100            	bump	(-2.29293556e+01 -2.55088213e+00 -3.72302545e-17)	(-4.74102785e+00 1.77549158e+00 3.62422947e-17)
3200            	bump	(-2.29326770e+01 -2.55088987e+00 -3.72308894e-17)	(-4.74106038e+00 1.77550055e+00 3.62430061e-17)
3300            	bump	(-2.29358337e+01 -2.55089713e+00 -3.72315017e-17)	(-4.74109072e+00 1.77550895e+00 3.62436891e-17)
3400            	bump	(-2.29388117e+01 -2.55090398e+00 -3.72320927e-17)	(-4.74111903e+00 1.77551682e+00 3.62443455e-17)
3500            	bump	(-2.29416367e+01 -2.55091042e+00 -3.72326635e-17)	(-4.74114543e+00 1.77552419e+00 3.62449769e-17)
3600            	bump	(-2.29443230e+01 -2.55091648e+00 -3.72332156e-17)	(-4.74117005e+00 1.77553109e+00 3.62455851e-17)
3700            	bump	(-2.29468817e+01 -2.55092218e+00 -3.72337500e-17)	(-4.74119305e+00 1.77553756e+00 3.62461714e-17)
3800            	bump	(-2.29493227e+01 -2.55092754e+00 -3.72342677e-17)	(-4.74121452e+00 1.77554363e+00 3.62467373e-17)
3900            	bump	(-2.29516547e+01 -2.55093258e+00 -3.72347696e-17)	(-4.74123457e+00 1.77554932e+00 3.62472838e-17)
4000            	bump	(-2.29538858e+01 -2.55093733e+00 -3.72352567e-17)	(-4.74125330e+00 1.77555466e+00 3.62478123e-17)
4100            	bump	(-2.29560231e+01 -2.55094179e+00 -3.72357298e-17)	(-4.74127078e+00 1.77555966e+00 3.62483237e-17)
4200            	bump	(-2.29580728e+01 -2.55094598e+00 -3.72361896e-17)	(-4.74128712e+00 1.77556435e+00 3.62488190e-17)
4300            	bump	(-2.29600413e+01 -2.55094993e+00 -3.72366367e-17)	(-4.74130241e+00 1.77556875e+00 3.62492991e-17)
4400            	bump	(-2.29619333e+01 -2.55095363e+00 -3.72370717e-17)	(-4.74131667e+00 1.77557288e+00 3.62497647e-17)
4500            	bump	(-2.29637536e+01 -2.55095712e+00 -3.72374955e-17)	(-4.74133000e+00 1.77557675e+00 3.62502168e-17)
4600            	bump	(-2.29655060e+01 -2.55096039e+00 -3.72379083e-17)	(-4.74134245e+00 1.77558038e+00 3.62506559e-17)
4700            	bump	(-2.29671940e+01 -2.55096347e+00 -3.72383109e-17)	(-4.74135410e+00 1.77558379e+00 3.62510829e-17)
4800            	bump	(-2.29688206e+01 -2.55096636e+00 -3.72387039e-17)	(-4.74136498e+00 1.77558698e+00 3.62514985e-17)
4900            	bump	(-2.29703884e+01 -2.55096908e+00 -3.72390876e-17)	(-4.74137516e+00 1.77558998e+00 3.62519032e-17)
5000            	bump	(-2.29719002e+01 -2.55097163e+00 -3.72394626e-17)	(-4.74138469e+00 1.77559280e+00 3.62522976e-17)
5100            	bump	(-2.29733584e+01 -2.55097403e+00 -3.72398293e-17)	(-4.74139357e+00 1.77559544e+00 3.62526822e-17)
5200            	bump	(-2.29747653e+01 -2.55097628e+00 -3.72401864e-17)	(-4.74140179e+00 1.77559789e+00 3.62530559e-17)
5300            	bump	(-2.29761234e+01 -2.55097839e+00 -3.72405362e-17)	(-4.74140942e+00 1.77560019e+00 3.62534211e-17)
5400            	bump	(-2.29774352e+01 -2.55098038e+00 -3.72408779e-17)	(-4.74141657e+00 1.77560234e+00 3.62537770e-17)
5500            	bump	(-2.29787031e+01 -2.55098225e+00 -3.72412147e-17)	(-4.74142338e+00 1.77560440e+00 3.62541269e-17)
5600            	bump	(-2.29799296e+01 -2.55098399e+00 -3.72415450e-17)	(-4.74142976e+00 1.77560632e+00 3.62544694e-17)
5700            	bump	(-2.29811163e+01 -2.55098563e+00 -3.72418689e-17)	(-4.74143571e+00 1.77560812e+00 3.62548046e-17)
5800            	bump	(-2.29822653e+01 -2.55098716e+00 -3.72421868e-17)	(-4.74144127e+00 1.77560981e+00 3.62551328e-17)
5900            	bump	(-2.29833781e+01 -2.55098860e+00 -3.72424988e-17)	(-4.74144646e+00 1.77561140e+00 3.62554544e-17)
6000            	bump	(-2.29844562e+01 -2.55098994e+00 -3.72428052e-17)	(-4.74145129e+00 1.77561288e+00 3.62557697e-17)
6100            	bump	(-2.29855009e+01 -2.55099120e+00 -3.72431061e-17)	(-4.74145582e+00 1.77561427e+00 3.62560786e-17)
6200            	bump	(-2.29865134e+01 -2.55099238e+00 -3.72434018e-17)	(-4.74146004e+00 1.77561558e+00 3.62563818e-17)
6300            	bump	(-2.29874946e+01 -2.55099348e+00 -3.72436925e-17)	(-4.74146397e+00 1.77561680e+00 3.62566794e-17)
6400            	bump	(-2.29884455e+01 -2.55099451e+00 -3.72439785e-17)	(-4.74146764e+00 1.77561794e+00 3.62569717e-17)
6500            	bump	(-2.29893672e+01 -2.55099547e+00 -3.72442599e-17)	(-4.74147105e+00 1.77561900e+00 3.62572588e-17)
6600            	bump	(-2.29902608e+01 -2.55099637e+00 -3.72445369e-17)	(-4.74147423e+00 1.77562001e+00 3.62575410e-17)
6700            	bump	(-2.29911277e+01 -2.55099721e+00 -3.72448095e-17)	(-4.74147721e+00 1.77562094e+00 3.62578184e-17)
6800            	bump	(-2.29919688e+01 -2.55099799e+00 -3.72450781e-17)	(-4.74147996e+00 1.77562182e+00 3.62580913e-17)
6900            	bump	(-2.29927852e+01 -2.55099872e+00 -3.72453426e-17)	(-4.74148253e+00 1.77562263e+00 3.62583597e-17)
7000            	bump	(-2.29935781e+01 -2.55099939e+00 -3.72456032e-17)	(-4.74148491e+00 1.77562340e+00 3.62586239e-17)
7100            	bump	(-2.29943484e+01 -2.55100002e+00 -3.72458601e-17)	(-4.74148713e+00 1.77562411e+00 3.62588840e-17)
7200            	bump	(-2.29950993e+01 -2.55100066e+00 -3.72461279e-17)	(-4.74148941e+00 1.77562484e+00 3.62591548e-17)
7300            	bump	(-2.29958260e+01 -2.55100128e+00 -3.72464004e-17)	(-4.74149180e+00 1.77562556e+00 3.62594300e-17)
7400            	bump	(-2.29965353e+01 -2.55100187e+00 -3.72466730e-17)	(-4.74149394e+00 1.77562622e+00 3.62597052e-17)
7500            	bump	(-2.29972268e+01 -2.55100241e+00 -3.72469380e-17)	(-4.74149582e+00 1.77562683e+00 3.62599723e-17)
7600            	bump	(-2.29978912e+01 -2.55100290e+00 -3.72472031e-17)	(-4.74149757e+00 1.77562740e+00 3.62602394e-17)
7700            	bump	(-2.29985436e+01 -2.55100336e+00 -3.72474624e-17)	(-4.74149916e+00 1.77562793e+00 3.62605004e-17)
7800            	bump	(-2.29991749e+01 -2.55100377e+00 -3.72477172e-17)	(-4.74150058e+00 1.77562840e+00 3.62607567e-17)
7900            	bump	(-2.29997886e+01 -2.55100417e+00 -3.72479711e-17)	(-4.74150190e+00 1.77562886e+00 3.62610117e-17)
8000            	bump	(-2.30003909e+01 -2.55100452e+00 -3.72482243e-17)	(-4.74150315e+00 1.77562928e+00 3.62612660e-17)
8100            	bump	(-2.30009683e+01 -2.55100483e+00 -3.72484742e-17)	(-4.74150432e+00 1.77562966e+00 3.62615166e-17)
8200            	bump	(-2.30015324e+01 -2.55100514e+00 -3.72487236e-17)	(-4.74150543e+00 1.77563003e+00 3.62617666e-17)
8300            	bump	(-2.30020859e+01 -2.55100542e+00 -3.72489677e-17)	(-4.74150633e+00 1.77563035e+00 3.62620112e-17)
8400            	bump	(-2.30026223e+01 -2.55100566e+00 -3.72492098e-17)	(-4.74150719e+00 1.77563065e+00 3.62622536e-17)
8500            	bump	(-2.30031436e+01 -2.55100588e+00 -3.72494484e-17)	(-4.74150793e+00 1.77563093e+00 3.62624923e-17)
8600            	bump	(-2.30036516e+01 -2.55100610e+00 -3.72496882e-17)	(-4.74150861e+00 1.77563117e+00 3.62627321e-17)
8700            	bump	(-2.30041445e+01 -2.55100629e+00 -3.72499208e-17)	(-4.74150915e+00 1.77563142e+00 3.62629645e-17)
8800            	bump	(-2.30046256e+01 -2.55100644e+00 -3.72501547e-17)	(-4.74150972e+00 1.77563166e+00 3.62631980e-17)
8900            	bump	(-2.30051000e+01 -2.55100649e+00 -3.72503850e-17)	(-4.74151038e+00 1.77563185e+00 3.62634278e-17)
9000            	bump	(-2.30055559e+01 -2.55100665e+00 -3.72506077e-17)	(-4.74151077e+00 1.77563194e+00 3.62636502e-17)
9100            	bump	(-2.30060027e+01 -2.55100679e+00 -3.72508315e-17)	(-4.74151104e+00 1.77563218e+00 3.62638732e-17)
9200            	bump	(-2.30064359e+01 -2.55100690e+00 -3.72510520e-17)	(-4.74151134e+00 1.77563231e+00 3.62640931e-17)
9300            	bump	(-2.30068586e+01 -2.55100706e+00 -3.72512641e-17)	(-4.74151149e+00 1.77563238e+00 3.62643045e-17)
9400            	bump	(-2.30072741e+01 -2.55100699e+00 -3.72514813e-17)	(-4.74151175e+00 1.77563256e+00 3.62645207e-17)
9500            	bump	(-2.30076724e+01 -2.55100701e+00 -3.72516934e-17)	(-4.74151186e+00 1.77563258e+00 3.62647319e-17)
9600            	bump	(-2.30080637e+01 -2.55100705e+00 -3.72519043e-17)	(-4.74151208e+00 1.77563254e+00 3.62649419e-17)
9700            	bump	(-2.30084516e+01 -2.55100734e+00 -3.72521105e-17)	(-4.74151206e+00 1.77563264e+00 3.62651472e-17)
9800            	bump	(-2.30088217e+01 -2.55100706e+00 -3.72523182e-17)	(-4.74151217e+00 1.77563289e+00 3.62653533e-17)
9900            	bump	(-2.30091857e+01 -2.55100722e+00 -3.72525211e-17)	(-4.74151244e+00 1.77563268e+00 3.62655555e-17)
10000           	bump	(-2.30095405e+01 -2.55100736e+00 -3.72527175e-17)	(-4.74151223e+00 1.77563267e+00 3.62657509e-17)
