# Time        	cpuTime       	clockTime     	cpu/step      	clock/step    
1             	3.000000e-02	0.000000e+00	3.000000e-02	0.000000e+00
2             	3.000000e-02	0.000000e+00	0.000000e+00	0.000000e+00
3             	3.000000e-02	0.000000e+00	0.000000e+00	0.000000e+00
4             	3.000000e-02	0.000000e+00	0.000000e+00	0.000000e+00
5             	3.000000e-02	0.000000e+00	0.000000e+00	0.000000e+00
6             	3.000000e-02	0.000000e+00	0.000000e+00	0.000000e+00
7             	3.000000e-02	0.000000e+00	0.000000e+00	0.000000e+00
8             	4.000000e-02	0.000000e+00	1.000000e-02	0.000000e+00
9             	4.000000e-02	0.000000e+00	0.000000e+00	0.000000e+00
10            	4.000000e-02	0.000000e+00	0.000000e+00	0.000000e+00
11            	4.000000e-02	0.000000e+00	0.000000e+00	0.000000e+00
12            	4.000000e-02	0.000000e+00	0.000000e+00	0.000000e+00
13            	4.000000e-02	0.000000e+00	0.000000e+00	0.000000e+00
14            	5.000000e-02	0.000000e+00	1.000000e-02	0.000000e+00
15            	5.000000e-02	0.000000e+00	0.000000e+00	0.000000e+00
16            	5.000000e-02	0.000000e+00	0.000000e+00	0.000000e+00
17            	5.000000e-02	0.000000e+00	0.000000e+00	0.000000e+00
18            	5.000000e-02	0.000000e+00	0.000000e+00	0.000000e+00
19            	5.000000e-02	0.000000e+00	0.000000e+00	0.000000e+00
20            	5.000000e-02	0.000000e+00	0.000000e+00	0.000000e+00
21            	6.000000e-02	0.000000e+00	1.000000e-02	0.000000e+00
22            	6.000000e-02	0.000000e+00	0.000000e+00	0.000000e+00
23            	6.000000e-02	0.000000e+00	0.000000e+00	0.000000e+00
24            	6.000000e-02	0.000000e+00	0.000000e+00	0.000000e+00
25            	6.000000e-02	0.000000e+00	0.000000e+00	0.000000e+00
26            	6.000000e-02	0.000000e+00	0.000000e+00	0.000000e+00
27            	6.000000e-02	0.000000e+00	0.000000e+00	0.000000e+00
28            	6.000000e-02	0.000000e+00	0.000000e+00	0.000000e+00
29            	7.000000e-02	0.000000e+00	1.000000e-02	0.000000e+00
30            	7.000000e-02	0.000000e+00	0.000000e+00	0.000000e+00
31            	7.000000e-02	0.000000e+00	0.000000e+00	0.000000e+00
32            	7.000000e-02	0.000000e+00	0.000000e+00	0.000000e+00
33            	7.000000e-02	0.000000e+00	0.000000e+00	0.000000e+00
34            	7.000000e-02	0.000000e+00	0.000000e+00	0.000000e+00
35            	7.000000e-02	0.000000e+00	0.000000e+00	0.000000e+00
36            	7.000000e-02	0.000000e+00	0.000000e+00	0.000000e+00
37            	8.000000e-02	0.000000e+00	1.000000e-02	0.000000e+00
38            	8.000000e-02	0.000000e+00	0.000000e+00	0.000000e+00
39            	8.000000e-02	0.000000e+00	0.000000e+00	0.000000e+00
40            	8.000000e-02	0.000000e+00	0.000000e+00	0.000000e+00
41            	8.000000e-02	0.000000e+00	0.000000e+00	0.000000e+00
42            	8.000000e-02	0.000000e+00	0.000000e+00	0.000000e+00
43            	8.000000e-02	0.000000e+00	0.000000e+00	0.000000e+00
44            	9.000000e-02	0.000000e+00	1.000000e-02	0.000000e+00
45            	9.000000e-02	0.000000e+00	0.000000e+00	0.000000e+00
46            	9.000000e-02	0.000000e+00	0.000000e+00	0.000000e+00
47            	9.000000e-02	0.000000e+00	0.000000e+00	0.000000e+00
48            	9.000000e-02	0.000000e+00	0.000000e+00	0.000000e+00
49            	9.000000e-02	0.000000e+00	0.000000e+00	0.000000e+00
50            	9.000000e-02	0.000000e+00	0.000000e+00	0.000000e+00
51            	1.000000e-01	0.000000e+00	1.000000e-02	0.000000e+00
52            	1.000000e-01	0.000000e+00	0.000000e+00	0.000000e+00
53            	1.100000e-01	0.000000e+00	1.000000e-02	0.000000e+00
54            	1.100000e-01	0.000000e+00	0.000000e+00	0.000000e+00
55            	1.100000e-01	0.000000e+00	0.000000e+00	0.000000e+00
56            	1.100000e-01	0.000000e+00	0.000000e+00	0.000000e+00
57            	1.100000e-01	0.000000e+00	0.000000e+00	0.000000e+00
58            	1.100000e-01	0.000000e+00	0.000000e+00	0.000000e+00
59            	1.200000e-01	0.000000e+00	1.000000e-02	0.000000e+00
60            	1.200000e-01	0.000000e+00	0.000000e+00	0.000000e+00
61            	1.200000e-01	0.000000e+00	0.000000e+00	0.000000e+00
62            	1.200000e-01	0.000000e+00	0.000000e+00	0.000000e+00
63            	1.200000e-01	0.000000e+00	0.000000e+00	0.000000e+00
64            	1.200000e-01	0.000000e+00	0.000000e+00	0.000000e+00
65            	1.200000e-01	0.000000e+00	0.000000e+00	0.000000e+00
66            	1.200000e-01	0.000000e+00	0.000000e+00	0.000000e+00
67            	1.300000e-01	0.000000e+00	1.000000e-02	0.000000e+00
68            	1.300000e-01	0.000000e+00	0.000000e+00	0.000000e+00
69            	1.300000e-01	0.000000e+00	0.000000e+00	0.000000e+00
70            	1.300000e-01	0.000000e+00	0.000000e+00	0.000000e+00
71            	1.300000e-01	0.000000e+00	0.000000e+00	0.000000e+00
72            	1.300000e-01	0.000000e+00	0.000000e+00	0.000000e+00
73            	1.300000e-01	0.000000e+00	0.000000e+00	0.000000e+00
74            	1.300000e-01	0.000000e+00	0.000000e+00	0.000000e+00
75            	1.400000e-01	0.000000e+00	1.000000e-02	0.000000e+00
76            	1.400000e-01	0.000000e+00	0.000000e+00	0.000000e+00
77            	1.400000e-01	0.000000e+00	0.000000e+00	0.000000e+00
78            	1.400000e-01	0.000000e+00	0.000000e+00	0.000000e+00
79            	1.400000e-01	0.000000e+00	0.000000e+00	0.000000e+00
80            	1.400000e-01	0.000000e+00	0.000000e+00	0.000000e+00
81            	1.400000e-01	0.000000e+00	0.000000e+00	0.000000e+00
82            	1.500000e-01	0.000000e+00	1.000000e-02	0.000000e+00
83            	1.500000e-01	0.000000e+00	0.000000e+00	0.000000e+00
84            	1.500000e-01	0.000000e+00	0.000000e+00	0.000000e+00
85            	1.500000e-01	0.000000e+00	0.000000e+00	0.000000e+00
86            	1.500000e-01	0.000000e+00	0.000000e+00	0.000000e+00
87            	1.500000e-01	0.000000e+00	0.000000e+00	0.000000e+00
88            	1.500000e-01	0.000000e+00	0.000000e+00	0.000000e+00
89            	1.600000e-01	0.000000e+00	1.000000e-02	0.000000e+00
90            	1.600000e-01	0.000000e+00	0.000000e+00	0.000000e+00
91            	1.600000e-01	0.000000e+00	0.000000e+00	0.000000e+00
92            	1.600000e-01	0.000000e+00	0.000000e+00	0.000000e+00
93            	1.600000e-01	0.000000e+00	0.000000e+00	0.000000e+00
94            	1.600000e-01	0.000000e+00	0.000000e+00	0.000000e+00
95            	1.600000e-01	0.000000e+00	0.000000e+00	0.000000e+00
96            	1.600000e-01	0.000000e+00	0.000000e+00	0.000000e+00
97            	1.700000e-01	0.000000e+00	1.000000e-02	0.000000e+00
98            	1.700000e-01	0.000000e+00	0.000000e+00	0.000000e+00
99            	1.700000e-01	0.000000e+00	0.000000e+00	0.000000e+00
100           	1.700000e-01	0.000000e+00	0.000000e+00	0.000000e+00
101           	1.700000e-01	0.000000e+00	0.000000e+00	0.000000e+00
102           	1.800000e-01	0.000000e+00	1.000000e-02	0.000000e+00
103           	1.800000e-01	0.000000e+00	0.000000e+00	0.000000e+00
104           	1.800000e-01	0.000000e+00	0.000000e+00	0.000000e+00
105           	1.800000e-01	0.000000e+00	0.000000e+00	0.000000e+00
106           	1.800000e-01	0.000000e+00	0.000000e+00	0.000000e+00
107           	1.800000e-01	0.000000e+00	0.000000e+00	0.000000e+00
108           	1.800000e-01	0.000000e+00	0.000000e+00	0.000000e+00
109           	1.800000e-01	0.000000e+00	0.000000e+00	0.000000e+00
110           	1.900000e-01	0.000000e+00	1.000000e-02	0.000000e+00
111           	1.900000e-01	0.000000e+00	0.000000e+00	0.000000e+00
112           	1.900000e-01	0.000000e+00	0.000000e+00	0.000000e+00
113           	1.900000e-01	0.000000e+00	0.000000e+00	0.000000e+00
114           	1.900000e-01	0.000000e+00	0.000000e+00	0.000000e+00
115           	1.900000e-01	0.000000e+00	0.000000e+00	0.000000e+00
116           	1.900000e-01	0.000000e+00	0.000000e+00	0.000000e+00
117           	2.000000e-01	0.000000e+00	1.000000e-02	0.000000e+00
118           	2.000000e-01	0.000000e+00	0.000000e+00	0.000000e+00
119           	2.000000e-01	0.000000e+00	0.000000e+00	0.000000e+00
120           	2.000000e-01	0.000000e+00	0.000000e+00	0.000000e+00
121           	2.000000e-01	0.000000e+00	0.000000e+00	0.000000e+00
122           	2.000000e-01	0.000000e+00	0.000000e+00	0.000000e+00
123           	2.000000e-01	0.000000e+00	0.000000e+00	0.000000e+00
124           	2.100000e-01	0.000000e+00	1.000000e-02	0.000000e+00
125           	2.100000e-01	0.000000e+00	0.000000e+00	0.000000e+00
126           	2.100000e-01	0.000000e+00	0.000000e+00	0.000000e+00
127           	2.100000e-01	0.000000e+00	0.000000e+00	0.000000e+00
128           	2.100000e-01	0.000000e+00	0.000000e+00	0.000000e+00
129           	2.100000e-01	0.000000e+00	0.000000e+00	0.000000e+00
130           	2.100000e-01	0.000000e+00	0.000000e+00	0.000000e+00
131           	2.100000e-01	0.000000e+00	0.000000e+00	0.000000e+00
132           	2.200000e-01	0.000000e+00	1.000000e-02	0.000000e+00
133           	2.200000e-01	0.000000e+00	0.000000e+00	0.000000e+00
134           	2.200000e-01	0.000000e+00	0.000000e+00	0.000000e+00
135           	2.200000e-01	0.000000e+00	0.000000e+00	0.000000e+00
136           	2.200000e-01	0.000000e+00	0.000000e+00	0.000000e+00
137           	2.200000e-01	0.000000e+00	0.000000e+00	0.000000e+00
138           	2.200000e-01	0.000000e+00	0.000000e+00	0.000000e+00
139           	2.300000e-01	0.000000e+00	1.000000e-02	0.000000e+00
140           	2.300000e-01	0.000000e+00	0.000000e+00	0.000000e+00
141           	2.300000e-01	0.000000e+00	0.000000e+00	0.000000e+00
142           	2.300000e-01	0.000000e+00	0.000000e+00	0.000000e+00
143           	2.300000e-01	0.000000e+00	0.000000e+00	0.000000e+00
144           	2.300000e-01	0.000000e+00	0.000000e+00	0.000000e+00
145           	2.300000e-01	0.000000e+00	0.000000e+00	0.000000e+00
146           	2.300000e-01	0.000000e+00	0.000000e+00	0.000000e+00
147           	2.400000e-01	0.000000e+00	1.000000e-02	0.000000e+00
148           	2.400000e-01	0.000000e+00	0.000000e+00	0.000000e+00
149           	2.400000e-01	0.000000e+00	0.000000e+00	0.000000e+00
150           	2.400000e-01	0.000000e+00	0.000000e+00	0.000000e+00
151           	2.400000e-01	0.000000e+00	0.000000e+00	0.000000e+00
152           	2.400000e-01	0.000000e+00	0.000000e+00	0.000000e+00
153           	2.400000e-01	0.000000e+00	0.000000e+00	0.000000e+00
154           	2.500000e-01	0.000000e+00	1.000000e-02	0.000000e+00
155           	2.500000e-01	0.000000e+00	0.000000e+00	0.000000e+00
156           	2.500000e-01	0.000000e+00	0.000000e+00	0.000000e+00
157           	2.500000e-01	0.000000e+00	0.000000e+00	0.000000e+00
158           	2.500000e-01	0.000000e+00	0.000000e+00	0.000000e+00
159           	2.500000e-01	0.000000e+00	0.000000e+00	0.000000e+00
160           	2.500000e-01	0.000000e+00	0.000000e+00	0.000000e+00
161           	2.500000e-01	0.000000e+00	0.000000e+00	0.000000e+00
162           	2.600000e-01	0.000000e+00	1.000000e-02	0.000000e+00
163           	2.600000e-01	0.000000e+00	0.000000e+00	0.000000e+00
164           	2.600000e-01	0.000000e+00	0.000000e+00	0.000000e+00
165           	2.600000e-01	0.000000e+00	0.000000e+00	0.000000e+00
166           	2.600000e-01	0.000000e+00	0.000000e+00	0.000000e+00
167           	2.600000e-01	0.000000e+00	0.000000e+00	0.000000e+00
168           	2.700000e-01	0.000000e+00	1.000000e-02	0.000000e+00
169           	2.700000e-01	0.000000e+00	0.000000e+00	0.000000e+00
170           	2.700000e-01	0.000000e+00	0.000000e+00	0.000000e+00
171           	2.700000e-01	0.000000e+00	0.000000e+00	0.000000e+00
172           	2.700000e-01	0.000000e+00	0.000000e+00	0.000000e+00
173           	2.700000e-01	0.000000e+00	0.000000e+00	0.000000e+00
174           	2.700000e-01	0.000000e+00	0.000000e+00	0.000000e+00
175           	2.800000e-01	0.000000e+00	1.000000e-02	0.000000e+00
176           	2.800000e-01	0.000000e+00	0.000000e+00	0.000000e+00
177           	2.800000e-01	0.000000e+00	0.000000e+00	0.000000e+00
178           	2.800000e-01	0.000000e+00	0.000000e+00	0.000000e+00
179           	2.800000e-01	0.000000e+00	0.000000e+00	0.000000e+00
180           	2.800000e-01	0.000000e+00	0.000000e+00	0.000000e+00
181           	2.900000e-01	0.000000e+00	1.000000e-02	0.000000e+00
182           	2.900000e-01	0.000000e+00	0.000000e+00	0.000000e+00
183           	2.900000e-01	0.000000e+00	0.000000e+00	0.000000e+00
184           	2.900000e-01	0.000000e+00	0.000000e+00	0.000000e+00
185           	2.900000e-01	0.000000e+00	0.000000e+00	0.000000e+00
186           	2.900000e-01	0.000000e+00	0.000000e+00	0.000000e+00
187           	2.900000e-01	0.000000e+00	0.000000e+00	0.000000e+00
188           	3.000000e-01	0.000000e+00	1.000000e-02	0.000000e+00
189           	3.000000e-01	0.000000e+00	0.000000e+00	0.000000e+00
190           	3.000000e-01	0.000000e+00	0.000000e+00	0.000000e+00
191           	3.000000e-01	0.000000e+00	0.000000e+00	0.000000e+00
192           	3.000000e-01	0.000000e+00	0.000000e+00	0.000000e+00
193           	3.000000e-01	0.000000e+00	0.000000e+00	0.000000e+00
194           	3.100000e-01	0.000000e+00	1.000000e-02	0.000000e+00
195           	3.100000e-01	0.000000e+00	0.000000e+00	0.000000e+00
196           	3.100000e-01	0.000000e+00	0.000000e+00	0.000000e+00
197           	3.100000e-01	0.000000e+00	0.000000e+00	0.000000e+00
198           	3.100000e-01	0.000000e+00	0.000000e+00	0.000000e+00
199           	3.100000e-01	0.000000e+00	0.000000e+00	0.000000e+00
200           	3.200000e-01	0.000000e+00	1.000000e-02	0.000000e+00
201           	3.200000e-01	0.000000e+00	0.000000e+00	0.000000e+00
202           	3.200000e-01	0.000000e+00	0.000000e+00	0.000000e+00
203           	3.200000e-01	0.000000e+00	0.000000e+00	0.000000e+00
204           	3.200000e-01	0.000000e+00	0.000000e+00	0.000000e+00
205           	3.200000e-01	0.000000e+00	0.000000e+00	0.000000e+00
206           	3.200000e-01	0.000000e+00	0.000000e+00	0.000000e+00
207           	3.300000e-01	0.000000e+00	1.000000e-02	0.000000e+00
208           	3.300000e-01	0.000000e+00	0.000000e+00	0.000000e+00
209           	3.300000e-01	0.000000e+00	0.000000e+00	0.000000e+00
210           	3.300000e-01	0.000000e+00	0.000000e+00	0.000000e+00
211           	3.300000e-01	0.000000e+00	0.000000e+00	0.000000e+00
212           	3.300000e-01	0.000000e+00	0.000000e+00	0.000000e+00
213           	3.300000e-01	0.000000e+00	0.000000e+00	0.000000e+00
214           	3.400000e-01	0.000000e+00	1.000000e-02	0.000000e+00
215           	3.400000e-01	0.000000e+00	0.000000e+00	0.000000e+00
216           	3.400000e-01	0.000000e+00	0.000000e+00	0.000000e+00
217           	3.400000e-01	0.000000e+00	0.000000e+00	0.000000e+00
218           	3.400000e-01	0.000000e+00	0.000000e+00	0.000000e+00
219           	3.400000e-01	0.000000e+00	0.000000e+00	0.000000e+00
220           	3.500000e-01	0.000000e+00	1.000000e-02	0.000000e+00
221           	3.500000e-01	0.000000e+00	0.000000e+00	0.000000e+00
222           	3.500000e-01	0.000000e+00	0.000000e+00	0.000000e+00
223           	3.500000e-01	0.000000e+00	0.000000e+00	0.000000e+00
224           	3.500000e-01	0.000000e+00	0.000000e+00	0.000000e+00
225           	3.500000e-01	0.000000e+00	0.000000e+00	0.000000e+00
226           	3.500000e-01	0.000000e+00	0.000000e+00	0.000000e+00
227           	3.500000e-01	0.000000e+00	0.000000e+00	0.000000e+00
228           	3.600000e-01	0.000000e+00	1.000000e-02	0.000000e+00
229           	3.600000e-01	0.000000e+00	0.000000e+00	0.000000e+00
230           	3.600000e-01	0.000000e+00	0.000000e+00	0.000000e+00
231           	3.600000e-01	0.000000e+00	0.000000e+00	0.000000e+00
232           	3.600000e-01	0.000000e+00	0.000000e+00	0.000000e+00
233           	3.600000e-01	0.000000e+00	0.000000e+00	0.000000e+00
234           	3.600000e-01	0.000000e+00	0.000000e+00	0.000000e+00
235           	3.600000e-01	0.000000e+00	0.000000e+00	0.000000e+00
236           	3.700000e-01	0.000000e+00	1.000000e-02	0.000000e+00
237           	3.700000e-01	0.000000e+00	0.000000e+00	0.000000e+00
238           	3.700000e-01	0.000000e+00	0.000000e+00	0.000000e+00
239           	3.700000e-01	0.000000e+00	0.000000e+00	0.000000e+00
