# Region type : functionObjectSurface sampled.plane1
# Faces       : 986
# Area        : 3.081250e-03
# Scale factor: 1.000000e+00
# Weight field: rhoU
# Time        	weightedAreaAverage(p)	weightedAreaAverage(pTotal)
1             	3.512814e+02	4.781293e+02
2             	3.150061e+02	4.442335e+02
3             	1.811953e+02	2.963924e+02
4             	1.419571e+02	2.601252e+02
5             	1.097666e+02	2.017995e+02
6             	8.018660e+01	1.609018e+02
7             	6.125470e+01	1.384328e+02
8             	5.106507e+01	1.256647e+02
9             	4.234371e+01	1.139429e+02
10            	2.747891e+01	9.608691e+01
11            	2.490597e+01	9.264243e+01
12            	2.560598e+01	9.342808e+01
13            	3.030815e+01	9.938822e+01
14            	3.113633e+01	1.005295e+02
15            	3.189016e+01	1.016709e+02
16            	3.283764e+01	1.029532e+02
17            	3.366467e+01	1.040253e+02
18            	3.469412e+01	1.053541e+02
19            	3.554032e+01	1.066706e+02
20            	3.659253e+01	1.080758e+02
21            	3.729308e+01	1.091471e+02
22            	3.785115e+01	1.099452e+02
23            	3.861731e+01	1.108735e+02
24            	3.941146e+01	1.118460e+02
25            	4.017177e+01	1.127671e+02
26            	4.072954e+01	1.134179e+02
27            	4.104947e+01	1.137912e+02
28            	4.125203e+01	1.140461e+02
29            	4.139116e+01	1.142302e+02
30            	4.147075e+01	1.143304e+02
31            	4.153401e+01	1.144044e+02
32            	4.163212e+01	1.145340e+02
33            	4.183414e+01	1.147848e+02
34            	4.214720e+01	1.151752e+02
35            	4.316744e+01	1.164506e+02
36            	4.328939e+01	1.165987e+02
37            	4.357044e+01	1.169469e+02
38            	4.383303e+01	1.172736e+02
39            	4.415979e+01	1.176769e+02
40            	4.443360e+01	1.180169e+02
41            	4.482128e+01	1.184986e+02
42            	4.508987e+01	1.188335e+02
43            	4.547324e+01	1.193117e+02
44            	4.580217e+01	1.197225e+02
45            	4.619986e+01	1.202194e+02
46            	4.658545e+01	1.207015e+02
47            	4.693665e+01	1.211402e+02
48            	4.743160e+01	1.217587e+02
49            	4.794893e+01	1.224049e+02
50            	4.828757e+01	1.228280e+02
51            	4.876403e+01	1.234234e+02
52            	4.917065e+01	1.239317e+02
53            	4.972767e+01	1.246277e+02
54            	5.009829e+01	1.250909e+02
55            	5.049310e+01	1.255843e+02
56            	5.076789e+01	1.259277e+02
57            	5.114664e+01	1.264012e+02
58            	5.133978e+01	1.266428e+02
59            	5.160841e+01	1.269784e+02
60            	5.171630e+01	1.271131e+02
61            	5.183610e+01	1.272631e+02
62            	5.183945e+01	1.272672e+02
63            	5.193233e+01	1.273832e+02
64            	5.199575e+01	1.274627e+02
65            	5.215819e+01	1.276655e+02
66            	5.233380e+01	1.278850e+02
67            	5.249867e+01	1.280912e+02
68            	5.253341e+01	1.281347e+02
69            	5.244968e+01	1.280300e+02
70            	5.223677e+01	1.277642e+02
71            	5.194079e+01	1.273940e+02
72            	5.167038e+01	1.270560e+02
73            	5.149150e+01	1.268325e+02
74            	5.122999e+01	1.265056e+02
75            	5.094064e+01	1.261439e+02
76            	5.045577e+01	1.255378e+02
77            	5.005764e+01	1.250402e+02
78            	4.956215e+01	1.244207e+02
79            	4.922009e+01	1.239932e+02
80            	4.879880e+01	1.234667e+02
81            	4.850809e+01	1.231032e+02
82            	4.815623e+01	1.226635e+02
83            	4.786432e+01	1.222984e+02
84            	4.748687e+01	1.218268e+02
85            	4.704894e+01	1.212793e+02
86            	4.662739e+01	1.207525e+02
87            	4.626652e+01	1.203013e+02
88            	4.589930e+01	1.198423e+02
89            	4.567642e+01	1.195637e+02
90            	4.534450e+01	1.191488e+02
91            	4.521829e+01	1.189910e+02
92            	4.492747e+01	1.186274e+02
93            	4.475375e+01	1.184103e+02
94            	4.443132e+01	1.180072e+02
95            	4.418841e+01	1.177036e+02
96            	4.387273e+01	1.173089e+02
97            	4.365783e+01	1.170404e+02
98            	4.330416e+01	1.165982e+02
99            	4.318527e+01	1.164498e+02
100           	4.281922e+01	1.159921e+02
101           	4.270785e+01	1.158530e+02
102           	4.239752e+01	1.154651e+02
103           	4.216968e+01	1.151803e+02
104           	4.187735e+01	1.148150e+02
105           	4.163324e+01	1.145098e+02
106           	4.132890e+01	1.141295e+02
107           	4.107632e+01	1.138136e+02
108           	4.080876e+01	1.134793e+02
109           	4.061080e+01	1.132317e+02
110           	4.039464e+01	1.129616e+02
111           	4.024107e+01	1.127695e+02
112           	4.005429e+01	1.125362e+02
113           	3.988980e+01	1.123305e+02
114           	3.957108e+01	1.119321e+02
115           	3.923537e+01	1.115123e+02
116           	3.890953e+01	1.111050e+02
117           	3.879611e+01	1.109633e+02
118           	3.840515e+01	1.104744e+02
119           	3.830537e+01	1.103500e+02
120           	3.793879e+01	1.098914e+02
121           	3.784379e+01	1.097730e+02
122           	3.752184e+01	1.093703e+02
123           	3.738496e+01	1.091994e+02
124           	3.713449e+01	1.088862e+02
125           	3.693419e+01	1.086359e+02
126           	3.660778e+01	1.082279e+02
127           	3.642409e+01	1.079983e+02
128           	3.618485e+01	1.076993e+02
129           	3.602697e+01	1.075019e+02
130           	3.586116e+01	1.072946e+02
131           	3.577976e+01	1.071928e+02
132           	3.565239e+01	1.070337e+02
133           	3.556185e+01	1.069204e+02
134           	3.540210e+01	1.067208e+02
135           	3.529634e+01	1.065885e+02
136           	3.513838e+01	1.063912e+02
137           	3.503379e+01	1.062603e+02
138           	3.486591e+01	1.060506e+02
139           	3.474153e+01	1.058950e+02
140           	3.455089e+01	1.056568e+02
141           	3.439896e+01	1.054668e+02
142           	3.416701e+01	1.051770e+02
143           	3.399859e+01	1.049663e+02
144           	3.379900e+01	1.047169e+02
145           	3.368191e+01	1.045705e+02
146           	3.352848e+01	1.043788e+02
147           	3.343327e+01	1.042597e+02
148           	3.329968e+01	1.040928e+02
149           	3.322205e+01	1.039956e+02
150           	3.311407e+01	1.038608e+02
151           	3.306363e+01	1.037976e+02
152           	3.298543e+01	1.037000e+02
153           	3.296069e+01	1.036689e+02
154           	3.289910e+01	1.035921e+02
155           	3.287282e+01	1.035590e+02
156           	3.282880e+01	1.035042e+02
157           	3.286182e+01	1.035453e+02
158           	3.287689e+01	1.035642e+02
159           	3.295078e+01	1.036565e+02
160           	3.299541e+01	1.037124e+02
161           	3.311533e+01	1.038622e+02
162           	3.311364e+01	1.038602e+02
163           	3.322327e+01	1.039971e+02
164           	3.322500e+01	1.039994e+02
165           	3.335230e+01	1.041584e+02
166           	3.334874e+01	1.041540e+02
167           	3.347719e+01	1.043145e+02
168           	3.347713e+01	1.043145e+02
169           	3.357332e+01	1.044347e+02
170           	3.356126e+01	1.044197e+02
171           	3.365419e+01	1.045358e+02
172           	3.367934e+01	1.045673e+02
173           	3.377409e+01	1.046857e+02
174           	3.379643e+01	1.047137e+02
175           	3.392118e+01	1.048695e+02
176           	3.397747e+01	1.049399e+02
177           	3.408273e+01	1.050714e+02
178           	3.413444e+01	1.051362e+02
179           	3.424955e+01	1.052800e+02
180           	3.429401e+01	1.053357e+02
181           	3.437686e+01	1.054391e+02
182           	3.440429e+01	1.054735e+02
183           	3.447476e+01	1.055615e+02
184           	3.449921e+01	1.055922e+02
185           	3.458845e+01	1.057036e+02
186           	3.462564e+01	1.057502e+02
187           	3.472035e+01	1.058685e+02
188           	3.477299e+01	1.059344e+02
189           	3.486374e+01	1.060477e+02
190           	3.489962e+01	1.060927e+02
191           	3.497088e+01	1.061816e+02
192           	3.499000e+01	1.062057e+02
193           	3.504224e+01	1.062708e+02
194           	3.507670e+01	1.063140e+02
195           	3.515459e+01	1.064113e+02
196           	3.520264e+01	1.064714e+02
197           	3.530042e+01	1.065936e+02
198           	3.533328e+01	1.066347e+02
199           	3.540343e+01	1.067223e+02
200           	3.543356e+01	1.067601e+02
201           	3.546918e+01	1.068044e+02
202           	3.550503e+01	1.068495e+02
203           	3.558701e+01	1.069517e+02
204           	3.565026e+01	1.070310e+02
205           	3.575530e+01	1.071621e+02
206           	3.580228e+01	1.072211e+02
207           	3.586493e+01	1.072991e+02
208           	3.589325e+01	1.073348e+02
209           	3.594649e+01	1.074011e+02
210           	3.597593e+01	1.074381e+02
211           	3.601808e+01	1.074906e+02
212           	3.605765e+01	1.075403e+02
213           	3.611881e+01	1.076165e+02
214           	3.615474e+01	1.076617e+02
215           	3.624384e+01	1.077728e+02
216           	3.628889e+01	1.078294e+02
217           	3.638302e+01	1.079468e+02
218           	3.642548e+01	1.080001e+02
219           	3.649485e+01	1.080865e+02
220           	3.657550e+01	1.081876e+02
221           	3.667022e+01	1.083057e+02
222           	3.670004e+01	1.083433e+02
223           	3.676734e+01	1.084272e+02
224           	3.683211e+01	1.085084e+02
225           	3.689433e+01	1.085859e+02
226           	3.692695e+01	1.086269e+02
227           	3.698555e+01	1.086999e+02
228           	3.703646e+01	1.087638e+02
229           	3.710852e+01	1.088536e+02
230           	3.713824e+01	1.088910e+02
231           	3.719845e+01	1.089660e+02
232           	3.725141e+01	1.090325e+02
233           	3.729050e+01	1.090811e+02
234           	3.730663e+01	1.091015e+02
235           	3.733883e+01	1.091415e+02
236           	3.737110e+01	1.091821e+02
237           	3.744336e+01	1.092722e+02
238           	3.748402e+01	1.093233e+02
239           	3.752262e+01	1.093712e+02
240           	3.754172e+01	1.093954e+02
241           	3.759725e+01	1.094645e+02
242           	3.769048e+01	1.095813e+02
243           	3.771386e+01	1.096103e+02
244           	3.773045e+01	1.096312e+02
245           	3.775731e+01	1.096646e+02
246           	3.779414e+01	1.097109e+02
247           	3.784181e+01	1.097702e+02
248           	3.786233e+01	1.097961e+02
249           	3.788881e+01	1.098290e+02
250           	3.788913e+01	1.098296e+02
251           	3.790102e+01	1.098443e+02
252           	3.789791e+01	1.098406e+02
253           	3.790755e+01	1.098525e+02
254           	3.790340e+01	1.098475e+02
255           	3.790842e+01	1.098535e+02
256           	3.789613e+01	1.098384e+02
257           	3.790005e+01	1.098431e+02
258           	3.789571e+01	1.098379e+02
259           	3.789703e+01	1.098393e+02
260           	3.788859e+01	1.098290e+02
261           	3.789273e+01	1.098339e+02
262           	3.788914e+01	1.098297e+02
263           	3.789577e+01	1.098377e+02
264           	3.789435e+01	1.098362e+02
265           	3.790021e+01	1.098433e+02
266           	3.789796e+01	1.098407e+02
267           	3.790644e+01	1.098511e+02
268           	3.790783e+01	1.098530e+02
269           	3.792141e+01	1.098698e+02
270           	3.793253e+01	1.098839e+02
271           	3.796088e+01	1.099191e+02
272           	3.797950e+01	1.099426e+02
273           	3.801568e+01	1.099876e+02
274           	3.803481e+01	1.100117e+02
275           	3.806833e+01	1.100535e+02
276           	3.807965e+01	1.100678e+02
277           	3.810713e+01	1.101020e+02
278           	3.811818e+01	1.101160e+02
279           	3.813652e+01	1.101387e+02
280           	3.814120e+01	1.101447e+02
281           	3.815812e+01	1.101657e+02
282           	3.815908e+01	1.101671e+02
283           	3.816996e+01	1.101805e+02
284           	3.817084e+01	1.101818e+02
285           	3.817794e+01	1.101905e+02
286           	3.817564e+01	1.101878e+02
287           	3.818258e+01	1.101963e+02
288           	3.817566e+01	1.101878e+02
289           	3.817565e+01	1.101876e+02
290           	3.815123e+01	1.101573e+02
291           	3.814416e+01	1.101482e+02
292           	3.812046e+01	1.101188e+02
293           	3.810438e+01	1.100985e+02
294           	3.808678e+01	1.100767e+02
295           	3.808294e+01	1.100718e+02
296           	3.807571e+01	1.100629e+02
297           	3.807699e+01	1.100643e+02
298           	3.807576e+01	1.100629e+02
299           	3.808599e+01	1.100756e+02
300           	3.809082e+01	1.100817e+02
301           	3.810971e+01	1.101052e+02
302           	3.813075e+01	1.101317e+02
303           	3.815640e+01	1.101636e+02
304           	3.816939e+01	1.101799e+02
305           	3.818488e+01	1.101992e+02
306           	3.819356e+01	1.102102e+02
307           	3.820665e+01	1.102264e+02
308           	3.821736e+01	1.102399e+02
309           	3.823918e+01	1.102670e+02
310           	3.824530e+01	1.102748e+02
311           	3.825736e+01	1.102898e+02
312           	3.825965e+01	1.102928e+02
313           	3.827504e+01	1.103119e+02
314           	3.828212e+01	1.103209e+02
315           	3.829018e+01	1.103308e+02
316           	3.829308e+01	1.103346e+02
317           	3.830071e+01	1.103440e+02
318           	3.830460e+01	1.103490e+02
319           	3.831584e+01	1.103629e+02
320           	3.831934e+01	1.103674e+02
321           	3.833217e+01	1.103833e+02
322           	3.834226e+01	1.103961e+02
323           	3.836131e+01	1.104197e+02
324           	3.837275e+01	1.104341e+02
325           	3.839761e+01	1.104651e+02
326           	3.841008e+01	1.104808e+02
327           	3.843518e+01	1.105120e+02
328           	3.844045e+01	1.105188e+02
329           	3.845469e+01	1.105365e+02
330           	3.845885e+01	1.105418e+02
331           	3.847349e+01	1.105599e+02
332           	3.847711e+01	1.105646e+02
333           	3.848546e+01	1.105749e+02
334           	3.848449e+01	1.105738e+02
335           	3.849071e+01	1.105815e+02
336           	3.849181e+01	1.105830e+02
337           	3.850686e+01	1.106016e+02
338           	3.851257e+01	1.106089e+02
339           	3.853175e+01	1.106328e+02
340           	3.853923e+01	1.106422e+02
341           	3.855536e+01	1.106623e+02
342           	3.856642e+01	1.106762e+02
343           	3.858835e+01	1.107035e+02
344           	3.859757e+01	1.107152e+02
345           	3.861035e+01	1.107310e+02
346           	3.861589e+01	1.107381e+02
347           	3.862301e+01	1.107469e+02
348           	3.862299e+01	1.107469e+02
349           	3.862879e+01	1.107541e+02
350           	3.862766e+01	1.107528e+02
351           	3.863382e+01	1.107604e+02
352           	3.862875e+01	1.107542e+02
353           	3.863006e+01	1.107557e+02
354           	3.862662e+01	1.107515e+02
355           	3.863007e+01	1.107557e+02
356           	3.862715e+01	1.107521e+02
357           	3.863014e+01	1.107558e+02
358           	3.862591e+01	1.107506e+02
359           	3.862925e+01	1.107547e+02
360           	3.862526e+01	1.107498e+02
361           	3.862747e+01	1.107524e+02
362           	3.862003e+01	1.107432e+02
363           	3.861721e+01	1.107396e+02
364           	3.860214e+01	1.107208e+02
365           	3.859566e+01	1.107126e+02
366           	3.858031e+01	1.106936e+02
367           	3.857493e+01	1.106867e+02
368           	3.856065e+01	1.106690e+02
369           	3.855556e+01	1.106626e+02
370           	3.854359e+01	1.106477e+02
371           	3.854051e+01	1.106438e+02
372           	3.853179e+01	1.106329e+02
373           	3.853081e+01	1.106316e+02
374           	3.852341e+01	1.106225e+02
375           	3.852280e+01	1.106216e+02
376           	3.851384e+01	1.106105e+02
377           	3.851235e+01	1.106085e+02
378           	3.850239e+01	1.105962e+02
379           	3.850064e+01	1.105939e+02
380           	3.849160e+01	1.105827e+02
381           	3.849048e+01	1.105812e+02
382           	3.848385e+01	1.105730e+02
383           	3.848364e+01	1.105727e+02
384           	3.847868e+01	1.105666e+02
385           	3.847929e+01	1.105672e+02
386           	3.847540e+01	1.105625e+02
387           	3.847687e+01	1.105642e+02
388           	3.847393e+01	1.105606e+02
389           	3.847597e+01	1.105631e+02
390           	3.847367e+01	1.105603e+02
391           	3.847613e+01	1.105633e+02
392           	3.847418e+01	1.105609e+02
393           	3.847696e+01	1.105643e+02
394           	3.847511e+01	1.105621e+02
395           	3.847777e+01	1.105653e+02
396           	3.847580e+01	1.105630e+02
397           	3.847814e+01	1.105658e+02
398           	3.847544e+01	1.105625e+02
399           	3.847720e+01	1.105646e+02
400           	3.847361e+01	1.105602e+02
401           	3.847459e+01	1.105614e+02
402           	3.846978e+01	1.105554e+02
403           	3.847017e+01	1.105558e+02
404           	3.846478e+01	1.105492e+02
405           	3.846494e+01	1.105493e+02
406           	3.845957e+01	1.105427e+02
407           	3.845990e+01	1.105430e+02
408           	3.845501e+01	1.105370e+02
409           	3.845583e+01	1.105379e+02
410           	3.845181e+01	1.105330e+02
411           	3.845310e+01	1.105345e+02
412           	3.844992e+01	1.105306e+02
413           	3.845166e+01	1.105327e+02
414           	3.844892e+01	1.105294e+02
415           	3.845104e+01	1.105319e+02
416           	3.844859e+01	1.105289e+02
417           	3.845069e+01	1.105315e+02
418           	3.844771e+01	1.105278e+02
419           	3.844935e+01	1.105298e+02
420           	3.844512e+01	1.105246e+02
421           	3.844580e+01	1.105254e+02
422           	3.843981e+01	1.105180e+02
423           	3.843979e+01	1.105179e+02
424           	3.843327e+01	1.105098e+02
425           	3.843304e+01	1.105094e+02
426           	3.842686e+01	1.105018e+02
427           	3.842704e+01	1.105019e+02
428           	3.842195e+01	1.104956e+02
429           	3.842277e+01	1.104966e+02
430           	3.841878e+01	1.104917e+02
431           	3.842028e+01	1.104935e+02
432           	3.841735e+01	1.104899e+02
433           	3.841928e+01	1.104922e+02
434           	3.841690e+01	1.104893e+02
435           	3.841926e+01	1.104922e+02
436           	3.841722e+01	1.104897e+02
437           	3.841972e+01	1.104928e+02
438           	3.841761e+01	1.104902e+02
439           	3.842001e+01	1.104931e+02
440           	3.841770e+01	1.104903e+02
441           	3.841981e+01	1.104929e+02
442           	3.841693e+01	1.104894e+02
443           	3.841867e+01	1.104914e+02
444           	3.841535e+01	1.104874e+02
445           	3.841669e+01	1.104890e+02
446           	3.841287e+01	1.104843e+02
447           	3.841400e+01	1.104856e+02
448           	3.841002e+01	1.104807e+02
449           	3.841118e+01	1.104821e+02
450           	3.840727e+01	1.104773e+02
451           	3.840854e+01	1.104788e+02
452           	3.840513e+01	1.104746e+02
453           	3.840659e+01	1.104764e+02
454           	3.840352e+01	1.104726e+02
455           	3.840533e+01	1.104748e+02
456           	3.840263e+01	1.104715e+02
457           	3.840466e+01	1.104739e+02
458           	3.840224e+01	1.104710e+02
459           	3.840440e+01	1.104736e+02
460           	3.840218e+01	1.104709e+02
461           	3.840446e+01	1.104737e+02
462           	3.840215e+01	1.104709e+02
463           	3.840451e+01	1.104738e+02
464           	3.840232e+01	1.104711e+02
465           	3.840455e+01	1.104738e+02
466           	3.840226e+01	1.104710e+02
467           	3.840451e+01	1.104738e+02
468           	3.840218e+01	1.104709e+02
469           	3.840430e+01	1.104735e+02
470           	3.840185e+01	1.104705e+02
471           	3.840392e+01	1.104730e+02
472           	3.840151e+01	1.104701e+02
473           	3.840353e+01	1.104725e+02
474           	3.840096e+01	1.104694e+02
475           	3.840299e+01	1.104719e+02
476           	3.840052e+01	1.104689e+02
477           	3.840256e+01	1.104713e+02
478           	3.839996e+01	1.104682e+02
479           	3.840203e+01	1.104707e+02
480           	3.839965e+01	1.104678e+02
481           	3.840172e+01	1.104703e+02
482           	3.839926e+01	1.104673e+02
483           	3.840144e+01	1.104699e+02
484           	3.839913e+01	1.104671e+02
485           	3.840135e+01	1.104698e+02
486           	3.839902e+01	1.104670e+02
487           	3.840132e+01	1.104698e+02
488           	3.839920e+01	1.104672e+02
489           	3.840149e+01	1.104700e+02
490           	3.839930e+01	1.104673e+02
491           	3.840165e+01	1.104702e+02
492           	3.839957e+01	1.104677e+02
493           	3.840193e+01	1.104705e+02
494           	3.839972e+01	1.104679e+02
495           	3.840207e+01	1.104707e+02
496           	3.839991e+01	1.104681e+02
497           	3.840222e+01	1.104709e+02
498           	3.839995e+01	1.104682e+02
499           	3.840221e+01	1.104709e+02
500           	3.840001e+01	1.104682e+02
